unique_img,airplane,bear,bicycle,bird,boat,bottle,car,cat,chair,clock,dog,elephant,keyboard,knife,oven,truck
airplane1.png,0.9181702733039856,0.0013875702279619873,0.0037579629861284047,0.03721779608167708,0.002881044798414223,0.0013053727598162368,0.0013765993353445083,0.0026490737218409777,0.01248357247095555,0.0036058027180843055,0.0018718135397648439,0.0008902713598217815,0.002345424800296314,0.005967526463791728,0.0022964759555179626,0.0017934734205482528
airplane10.png,0.6551060378551483,0.005935884430073202,0.0093927513808012,0.11518329381942749,0.02105694357305765,0.003835413488559425,0.016747287940233946,0.02943178894929588,0.013245493406429887,0.006395759992301464,0.029496215633116663,0.003260488680098206,0.015240311389788985,0.052753730677068233,0.005829141358844936,0.017089468892663717
airplane2.png,0.7270076274871826,0.0023105930886231363,0.00953990244306624,0.028955219080671668,0.01390708819963038,0.0012681641528615728,0.012069427175447345,0.005504761706106365,0.09670358151197433,0.004143559548538178,0.010594824212603271,0.0007504828536184505,0.017723363358527422,0.03764089476317167,0.00853689108043909,0.023343626176938415
airplane3.png,0.75779689848423,0.0014734885189682245,0.006629200768657029,0.1641929242759943,0.006423334241844714,0.0008664117776788771,0.0017586930625839159,0.014721043640747666,0.024569962406530976,0.004175894457148388,0.011244726716540754,0.0008699071622686461,0.0004720435754279606,0.001850787113653496,0.0017227867065230384,0.0012319177185418084
airplane4.png,0.9181711077690125,0.0014825917169218883,0.002273903286550194,0.031193844915833324,0.0051395370392128825,0.0005767701659351587,0.004947878769598901,0.0020672554383054376,0.004895280493656173,0.0012030465732095763,0.004767697450006381,0.0006399064441211522,0.0022446259681601077,0.00884756667073816,0.0005900514515815303,0.010958973783999681
airplane5.png,0.9360353499650955,0.00139551967731677,0.003722237655892968,0.01346829702379182,0.0054500850092154,0.0008969272166723385,0.0030109624785836786,0.0027343534457031637,0.0073078897839877754,0.002513218263629824,0.002283852096297778,0.0012473130191210657,0.004692279908340424,0.010269976104609668,0.0015861712163314223,0.0033855774672701955
airplane6.png,0.878932848572731,0.002156878384994343,0.003069420636165887,0.07658522017300129,0.0009835203745751642,0.0009425875250599347,0.0022046771337045357,0.0016238768148468807,0.009679747861810029,0.0019222411356167868,0.009050110529642552,0.0008093097858363762,0.0017131371423602104,0.005575596005655825,0.0015606865636073053,0.0031901278998702765
airplane7.png,0.7624961733818054,0.006504849181510508,0.0022195063065737486,0.03363833320327103,0.0024356808280572295,0.0010073523444589227,0.006248556019272655,0.0043305316648911685,0.003932048683054745,0.003970063873566687,0.009692046151030809,0.0015262190136127174,0.022831003880128264,0.10424495581537485,0.005337881913874298,0.029584786854684353
airplane8.png,0.9458305686712265,0.0010191047185799107,0.000902958374354057,0.01205073605524376,0.0034993174485862255,0.0006380395352607593,0.002724874851992354,0.0019664212450152263,0.0014024920819792897,0.0008688771704328246,0.0012418881378835067,0.0009044899707078002,0.0012572438135975972,0.019202700117602944,0.0006458339557866566,0.005844449857249856
airplane9.png,0.8049993813037872,0.0032816646271385252,0.025190866319462657,0.009487050585448742,0.03053357917815447,0.001372315688058734,0.010959600447677076,0.006990502821281552,0.016261967131868005,0.0038543204427696764,0.006981715210713446,0.0016886558732949197,0.016629503923468292,0.01647375081665814,0.01677906804252416,0.028516084421426058
bear1.png,0.0019444446079432964,0.4508161097764969,0.0010421392362331972,0.021360436687245965,0.01622015458997339,0.006894294056110084,0.1224780511111021,0.052081769332289696,0.0010191198234679177,0.01376148170675151,0.017462444258853793,0.1817784532904625,0.00551183769130148,0.0027522858581505716,0.05265234911348671,0.0522246363107115
bear10.png,0.011730159167200327,0.2901448607444763,0.004108288849238306,0.05580642772838473,0.04812999814748764,0.006672261748462915,0.10577529668807983,0.10006363689899445,0.006753052351996303,0.02380289474967867,0.04047383973374963,0.16615385748445988,0.04028802318498492,0.014641264453530312,0.034966308157891035,0.05048982799053192
bear2.png,0.0004544471448753029,0.560564287006855,0.0004113043178222142,0.011787270312197506,0.0036736414476763457,0.001709292409941554,0.008754337904974818,0.018819566117599607,0.0008014045743038878,0.0038002527289791033,0.005535183678148314,0.3356419689953327,0.001988663774682209,0.0007174424245022237,0.0064715128391981125,0.038869408424943686
bear3.png,0.0004192720698483754,0.5318166017532349,0.0005882130571990274,0.0028407390200300142,0.002211453625932336,0.0009311230387538671,0.028971961233764887,0.004875055514276028,0.0003510290844133124,0.001185959939903114,0.09276511799544096,0.30142517760396004,0.0022317677503451705,0.0013726870820391923,0.0031198631040751934,0.024893953930586576
bear4.png,0.00026063604491355363,0.8034555017948151,0.00034381679142825305,0.0030279908824013546,0.0017264569614781067,0.0005855124691152014,0.017054808675311506,0.013895547948777676,0.0004757353490276728,0.00423329028126318,0.011914254748262465,0.11980748176574707,0.00132656025380129,0.00038607398892054334,0.002924892120063305,0.018581407668534666
bear5.png,0.0007154047634685412,0.5938396900892258,0.0006607320174225606,0.0032511382742086425,0.005830816051457077,0.0017429463914595544,0.020822235150262713,0.051665122620761395,0.0008010386736714281,0.004680988728068769,0.03318662766832858,0.12652538623660803,0.007563654042314738,0.0010452059068484232,0.015729104983620346,0.13193991221487522
bear6.png,0.011219001142308116,0.1120847836136818,0.0027251357096247375,0.1705934964120388,0.021985654486343265,0.04572085523977876,0.03034725459292531,0.060155159793794155,0.0292002207133919,0.03309493535198271,0.17181800678372383,0.04771457030437887,0.03862872929312289,0.021518311463296413,0.08878867328166962,0.11440523527562618
bear7.png,0.01742592896334827,0.06889375392347574,0.004644161264877766,0.039312720531597733,0.020252657355740666,0.0329454131424427,0.07225839886814356,0.0515205804258585,0.05606815591454506,0.021391334012150764,0.05653071962296963,0.11348545365035534,0.08085915446281433,0.04602997563779354,0.1822100132703781,0.13617157097905874
bear8.png,0.0012497952702688053,0.5841283649206161,0.0013877882884116843,0.036781947594136,0.00925408850889653,0.0037217106437310576,0.05655451724305749,0.029486796353012323,0.002408754065982066,0.009595171548426151,0.12019128166139126,0.07798843551427126,0.003366697288583964,0.0015412126522278413,0.02208414929918945,0.04025924718007445
bear9.png,0.0009492464741924778,0.3315332755446434,0.0011590798967517912,0.006419717334210873,0.0036230168188922107,0.002034118224401027,0.05987775046378374,0.009837863384746015,0.0034907385997939855,0.006855143670691177,0.027190286316908896,0.46148545667529106,0.010462255508173257,0.0025015758583322167,0.025524964788928628,0.04705549916252494
bicycle1.png,0.00270446584909223,0.00015644730592612177,0.9717032015323639,0.0005137251864653081,0.003198003600118682,0.0006442389785661362,0.0017087050073314458,0.0011756677558878437,0.008524187724106014,0.0031400560110341758,0.0006486025304184295,0.000102624500868842,0.002768281556200236,0.0008272108316305093,0.0010846442019101232,0.0010999774822266772
bicycle10.png,0.0062671160558238626,0.0035026971017941833,0.8680162280797958,0.002910619368776679,0.0017234831466339529,0.006370968418195844,0.005064547760412097,0.013419043039903045,0.029912112979218364,0.028930861968547106,0.007979766873177141,0.007479456544388086,0.0034508874523453414,0.001866560138296336,0.00636819947976619,0.006737475632689893
bicycle2.png,0.04264827212318778,0.0015562451881123707,0.7879333645105362,0.00806816981639713,0.0165257451008074,0.004726514162030071,0.02197176986373961,0.009428692981600761,0.033933980856090784,0.011336382012814283,0.012690566014498472,0.000998934541712515,0.01910097524523735,0.0033758156350813806,0.009657589718699455,0.016046984237618744
bicycle3.png,0.019945438485592604,0.00021170639956835657,0.9435486942529678,0.0009255658223992214,0.002580101107014343,0.0003131287630822044,0.0064204863156192005,0.0008074870784184895,0.00841517059598118,0.002142576442565769,0.0032866013643797487,0.00026262589744874276,0.0014692781696794555,0.0005011967659811489,0.0008338331899722107,0.008336107071954757
bicycle4.png,0.0062122614472173154,0.00030046764004509896,0.979275643825531,0.0005123561495565809,0.0005656148859998211,0.0004984131810488179,0.003336818248499185,0.0005981130379950628,0.0037756009260192513,0.0013635575451189652,0.00038256463449215516,0.0002631591632962227,0.00027976299134024885,0.00025437466138100717,0.0003212320170860039,0.0020600492498488165
bicycle5.png,0.008913668105378747,0.00034039350430248305,0.929581806063652,0.0009796441590879112,0.0043912227265536785,0.0007499637649743818,0.003206117980880663,0.0013996520428918302,0.03164473082870245,0.0018783736450131983,0.0026301979669369757,0.0006126090665929951,0.0038994864735286683,0.0013764039322268218,0.0023753145651426166,0.006020405329763889
bicycle6.png,0.02733161812648177,0.0012161687482148409,0.7642078548669815,0.008316308725625277,0.011414736974984407,0.010120253195054829,0.03259218204766512,0.006034876743797213,0.03359028231352568,0.009257850819267333,0.07056304067373276,0.0010095395373355132,0.008803172735497355,0.0034178458154201508,0.004508883983362466,0.007615386217366904
bicycle7.png,0.003564547107089311,0.00023317739760386758,0.9627086967229843,0.0005350135324988514,0.0012176653981441632,0.0005699781686416827,0.0009262396924896166,0.0010259515256620944,0.020033570704981685,0.00255358059075661,0.0005164822869119234,0.00039507794281234965,0.002251829268061556,0.0010448156244819984,0.0011630382941802964,0.0012603562790900469
bicycle8.png,0.0022080053749959916,0.00032029315843828954,0.983946219086647,0.0005954866137471981,0.0005852792819496244,0.000596206562477164,0.0011493021447677165,0.0007109283178579062,0.00208146107615903,0.004854468104895204,0.000789948899182491,0.00015806824740138836,0.0007400123213301413,0.0003803320214501582,0.0003608029401220847,0.0005231442592048552
bicycle9.png,0.0015078142751008272,0.00015878479462116957,0.9744535088539124,0.0004473307926673442,0.0022980765206739306,0.0007129105288186111,0.0012621098721865565,0.0009166310919681564,0.0075179553823545575,0.004480019910261035,0.001409764270647429,0.0001356413595203776,0.002322698710486293,0.0005597856652457267,0.0009307304571848363,0.0008862608665367588
bird1.png,0.016614696010947227,0.09989263862371445,0.009913878166116774,0.10508344043046236,0.10818489734083414,0.011725067161023617,0.18880273029208183,0.09502637386322021,0.016255455324426293,0.17152233235538006,0.04216791642829776,0.011081043630838394,0.028748862212523818,0.02336834417656064,0.026226449524983764,0.04538588225841522
bird10.png,0.006767482409486547,0.025153065216727555,0.01029350038152188,0.24044817686080933,0.007088000071235001,0.019162157084792852,0.030011239927262068,0.015571081545203924,0.023980833124369383,0.026284661260433495,0.5176717266440392,0.017831894918344915,0.007365202822256833,0.03191367443650961,0.009458992164582014,0.01099828234873712
bird2.png,0.013389312545768917,0.31193799152970314,0.003208085399819538,0.05628665070980787,0.019846492679789662,0.022283658385276794,0.057381768710911274,0.07210362469777465,0.02011134207714349,0.020480532431975007,0.050658841617405415,0.21754540875554085,0.04630182730033994,0.028207866474986076,0.02302121394313872,0.037235383642837405
bird3.png,0.0014731948322150856,0.04420386580750346,0.003570400847820565,0.20778091996908188,0.0046065065544098616,0.02991437050513923,0.019675738643854856,0.02152389078401029,0.01120738813187927,0.02045162010472268,0.5273108407855034,0.02531352615915239,0.019916903431294486,0.014301050337962806,0.014529239269904792,0.034220549976453185
bird4.png,0.42525700107216835,0.0373991634696722,0.015616480493918061,0.06872477103024721,0.035626507829874754,0.0027135919663123786,0.04138679336756468,0.14058259315788746,0.007427265518344939,0.006878776475787163,0.05415463261306286,0.011044812039472163,0.013873222516849637,0.03038927260786295,0.024761646054685116,0.08416348323225975
bird5.png,0.055598128121346235,0.0026419476489536464,0.0017744927899912,0.8593402057886124,0.01537144766189158,0.005266942724119872,0.011249261209741235,0.002979698241688311,0.013734641019254923,0.0018241773650515825,0.010777671064715832,0.0035796852316707373,0.0019357764394953847,0.008471803914289922,0.002584351896075532,0.0028696999652311206
bird6.png,0.3718659207224846,0.010348971816711128,0.001620208378881216,0.47692570090293884,0.006182809127494693,0.003343061951454729,0.00888340116944164,0.01927884726319462,0.009838564903475344,0.004593270336044952,0.018069199053570628,0.010309246717952192,0.003991172881796956,0.04971994739025831,0.002327964990399778,0.0027017311076633632
bird7.png,0.016727873706258833,0.015989277744665742,0.008181167766451836,0.40082522109150887,0.019184407545253634,0.0332580809481442,0.021626169909723103,0.01851676730439067,0.06742834113538265,0.26475852727890015,0.012271956889890134,0.013549302704632282,0.023559699300676584,0.025935082230716944,0.03914183657616377,0.019046306959353387
bird8.png,0.03383799036964774,0.001652116872719489,0.0031294650689233094,0.8496108502149582,0.0030969984945841134,0.009532426833175123,0.0034282573615200818,0.00685246882494539,0.019688166212290525,0.003749761643121019,0.04407058213837445,0.006687845336273313,0.0007188233648776077,0.011082182638347149,0.0013772155216429383,0.0014848425198579207
bird9.png,0.011750882142223418,0.0017975007212953642,0.0021064427055534907,0.918436199426651,0.001482372172176838,0.006958262354601175,0.0010201086406596005,0.0020540774276014417,0.017499728361144662,0.001004982586891856,0.027934307465329766,0.0024124766714521684,0.0002303135879628826,0.0028455208521336317,0.0014170088688842952,0.001049841768690385
boat1.png,0.008152591530233622,0.03747252421453595,0.006493661436252296,0.009181581321172416,0.23866922222077847,0.020400559064000845,0.2899276278913021,0.08510887902230024,0.007755641476251185,0.01126674865372479,0.01992762624286115,0.025169652421027422,0.10347247309982777,0.07766529032960534,0.03982460079714656,0.01951131969690323
boat10.png,0.0061319301021285355,0.0563723212108016,0.002125653700204566,0.03913129901047796,0.13552799820899963,0.00985997321549803,0.42400941997766495,0.11498709488660097,0.006363516789861023,0.01942693581804633,0.017174967797473073,0.030585533240810037,0.029783603735268116,0.019357121316716075,0.06639091111719608,0.022771726362407207
boat2.png,0.00821406114846468,0.023187332786619663,0.0032809494878165424,0.021646262612193823,0.5132711455225945,0.006930918258149177,0.1953878402709961,0.09629187756218016,0.002878634288208559,0.003194959892425686,0.06330268643796444,0.0051513659418560565,0.013457180233672261,0.022817233810201287,0.007045600679703057,0.013941981364041567
boat3.png,0.025453355396166444,0.027992993593215942,0.014846506295725703,0.028980898205190897,0.19415460526943207,0.02189347054809332,0.07033340632915497,0.14892303198575974,0.0326475678011775,0.06585681159049273,0.040804720018059015,0.05300917103886604,0.04512669472023845,0.010788586107082665,0.05391733534634113,0.1652708426117897
boat4.png,0.008829055761452764,0.025720122968778014,0.003784076019655913,0.019586625159718096,0.5291920602321625,0.008464290120173246,0.09505850309506059,0.05056058312766254,0.005288120941258967,0.020388133358210325,0.007032021007034928,0.01585077168419957,0.06201072130352259,0.12607602961361408,0.01534899277612567,0.006809892918681726
boat5.png,0.023049563984386623,0.026755510829389095,0.07142192730680108,0.02157637826167047,0.5134312734007835,0.012982613407075405,0.021816180320456624,0.031127839349210262,0.022105827694758773,0.1531642060726881,0.01928641169797629,0.0063725264044478536,0.010584622097667307,0.012829886487452313,0.04571405937895179,0.007781153486575931
boat6.png,0.029012585058808327,0.024069885723292828,0.014732681214809418,0.06905347481369972,0.26801202073693275,0.027408011723309755,0.045721007976680994,0.052727838046848774,0.011233648052439094,0.10091972909867764,0.01860729232430458,0.02611263981088996,0.065308453515172,0.22285210527479649,0.015777397667989135,0.008451243629679084
boat7.png,0.09261870011687279,0.04609191371127963,0.0164528195746243,0.05772677483037114,0.1339759435504675,0.177472285926342,0.03067273902706802,0.12439103238284588,0.06164128612726927,0.0753380237147212,0.030316807329654694,0.020490630296990275,0.033133368007838726,0.07134152483195066,0.01905906619504094,0.009277105797082186
boat8.png,0.028302866499871016,0.009128533652983606,0.0034878895967267454,0.012453738367184997,0.06914083939045668,0.007253795396536589,0.03270712215453386,0.018963689799420536,0.0030311861191876233,0.005065931589342654,0.005032621149439365,0.005293755792081356,0.15823251381516457,0.6210464611649513,0.007360772462561727,0.013498244574293494
boat9.png,0.09591931663453579,0.02526440122164786,0.17406149581074715,0.02759848488494754,0.11552264168858528,0.016097900457680225,0.0374679802916944,0.06040085852146149,0.08207550831139088,0.08576255291700363,0.00945996050722897,0.008332785335369408,0.024843141436576843,0.009508680552244186,0.1252929475158453,0.10239136219024658
bottle1.png,0.0015839703410165384,0.006523917312733829,0.0012659642234211788,0.003477404359728098,0.009193005273118615,0.8732134699821472,0.002890954870963469,0.0057027080620173365,0.01596098206937313,0.018104684073477983,0.0032093235349748284,0.009552633040584624,0.014698864659294486,0.02033435250632465,0.011203448753803968,0.003084261406911537
bottle10.png,0.0007590942113893107,0.006824726646300405,0.000838375897728838,0.0021350052556954324,0.006560911075212061,0.8955794870853424,0.0012877206900157034,0.0017586128669790924,0.01134202559478581,0.009165067574940622,0.002953598479507491,0.008152279770001769,0.010258555877953768,0.025399853475391865,0.013905857224017382,0.003078788286074996
bottle2.png,0.001666095806285739,0.005797408550279215,0.001035709588904865,0.00596142269205302,0.006614309037104249,0.9205922335386276,0.003928878286387771,0.006826209923019633,0.008525277255102992,0.008624383131973445,0.00410102546447888,0.004258398024830967,0.005133815866429359,0.010008689598180354,0.005270972615107894,0.0016551288426853716
bottle3.png,0.001605514029506594,0.0057484252320136875,0.0013105500547681004,0.007352711050771177,0.01166612037923187,0.9009826928377151,0.009549989481456578,0.013189853634685278,0.009150186204351485,0.008622232475318015,0.005050118081271648,0.00625793740618974,0.0053835902363061905,0.008574092295020819,0.004543168470263481,0.001012840264593251
bottle4.png,0.002826470648869872,0.010633030906319618,0.0019203289703000337,0.009306712076067924,0.013322997256182134,0.8619717210531235,0.010816683759912848,0.019714009249582887,0.015404041623696685,0.01241240999661386,0.008572160033509135,0.0046158189652487636,0.008119018049910665,0.012876447988674045,0.005888108222279698,0.0016000787145458162
bottle5.png,0.0001937304150487762,0.0006996597767283674,0.000989585227216594,0.002604722627438605,0.0014358677726704627,0.9708110392093658,0.0016156739875441417,0.0007265586318681017,0.001263522557565011,0.002207229321356863,0.014517830684781075,0.0009419125562999398,0.0004984759070794098,0.0005450695025501773,0.0006885283801238984,0.0002606394664326217
bottle6.png,0.0006585947558050975,0.006997545948252082,0.001994970327359624,0.005177858984097838,0.007435976876877248,0.8838450014591217,0.007429730496369302,0.0027043751906603575,0.009111551917158067,0.008183482219465077,0.017610243754461408,0.006954481534194201,0.01830373238772154,0.008641657419502735,0.010021957394201308,0.004928864655084908
bottle7.png,0.0019054704171139747,0.011096300324425101,0.0011764155788114294,0.00814173766411841,0.006894804537296295,0.8868585973978043,0.003903589036781341,0.006594792183022946,0.008698065532371402,0.007118037203326821,0.009726278600282967,0.006316591636277735,0.009976324625313282,0.0220200358889997,0.006942627718672156,0.0026303346385248005
bottle8.png,0.002292532561114058,0.006893393932841718,0.0013213403872214258,0.006774035398848355,0.005467176204547286,0.8903181254863739,0.0029663509922102094,0.004934301046887413,0.009743622154928744,0.007871198700740933,0.006722697289660573,0.009040466859005392,0.007362478121649474,0.027017860673367977,0.008462388999760151,0.0028120233910158277
bottle9.png,0.0005518631587619893,0.004679660080000758,0.0006889277283335105,0.002200351096689701,0.004512030864134431,0.9210387766361237,0.0017783634539227933,0.002759264694759622,0.008329196833074093,0.004695122013799846,0.002498613321222365,0.0038229723140830174,0.017391910776495934,0.014892808627337217,0.008333312231115997,0.0018268342610099353
car1.png,0.005497497098986059,0.07257461454719305,0.008765347418375313,0.011274337768554688,0.03610259760171175,0.013532055309042335,0.08103810995817184,0.025069663184694946,0.020719920750707388,0.10259504616260529,0.052467660047113895,0.03305558022111654,0.2010724637657404,0.05309435538947582,0.19187614880502224,0.09126461343839765
car10.png,0.00929882685886696,0.11224818788468838,0.0039595185371581465,0.030772470054216683,0.04471344128251076,0.0497220316901803,0.3365684933960438,0.057406225707381964,0.011859375983476639,0.021278048865497112,0.01884396024979651,0.0654712226241827,0.0751483840867877,0.03667160635814071,0.041426306357607245,0.08461189456284046
car2.png,0.004605647351127118,0.26286929473280907,0.003336006193421781,0.015673035639338195,0.05139123601838946,0.017344163730740547,0.16836697794497013,0.0905398647300899,0.00676222366746515,0.036685020197182894,0.04236619407311082,0.08104125689715147,0.09325564745813608,0.017064551590010524,0.048304371535778046,0.06039449851959944
car3.png,0.01833025785163045,0.09300810936838388,0.0050858891336247325,0.04537428496405482,0.1332987705245614,0.019223955925554037,0.2439175881445408,0.05803730618208647,0.01181015558540821,0.034994736313819885,0.026517439633607864,0.054811285343021154,0.09204303566366434,0.05415721284225583,0.054936349391937256,0.05445358017459512
car4.png,0.0027154575509484857,0.028800527565181255,0.0016907944227568805,0.04172015003859997,0.3752889446914196,0.00602492195321247,0.3730684146285057,0.0846624686382711,0.0051362544763833284,0.012510878732427955,0.009497778490185738,0.016964619047939777,0.004792739491676912,0.00788801396265626,0.015967279323376715,0.013270750758238137
car5.png,0.004318547842558473,0.11361376382410526,0.0063066084403544664,0.01596421981230378,0.02295478922314942,0.010048203403130174,0.25190519541502,0.06823974009603262,0.01268584409262985,0.01669889106415212,0.15804245881736279,0.03178518987260759,0.032211831072345376,0.011167682358063757,0.09988683462142944,0.1441702153533697
car6.png,0.016535986680537462,0.0751540195196867,0.01173153123818338,0.023491032188758254,0.08361819107085466,0.020664133597165346,0.12278689630329609,0.07119363639503717,0.02539718011394143,0.07497421326115727,0.05952092353254557,0.03707624413073063,0.2008158676326275,0.0579410744830966,0.07515198504552245,0.04394708503969014
car7.png,0.007713916944339871,0.06402319390326738,0.0030877720564603806,0.08978425897657871,0.09202202130109072,0.024477161467075348,0.48054663091897964,0.048372512217611074,0.00458680436713621,0.011782005080021918,0.02346618939191103,0.058049638057127595,0.016532091656699777,0.0068065301747992635,0.030980472918599844,0.03776878025382757
car8.png,0.008438791381195188,0.0910496674478054,0.0036027404421474785,0.02331065887119621,0.08272950677201152,0.027549874503165483,0.38682886585593224,0.05272724432870746,0.006303205853328109,0.018703614361584187,0.02308588195592165,0.11888176761567593,0.06878831144422293,0.02770325541496277,0.02496521733701229,0.03533137124031782
car9.png,0.005929230246692896,0.049544794484972954,0.003346913930727169,0.01246484654257074,0.05334647884592414,0.015944044571369886,0.5778128355741501,0.026309280307032168,0.011947363382205367,0.009934312547557056,0.046256900765001774,0.015230274409987032,0.04394650226458907,0.019609195878729224,0.0454880241304636,0.06288900598883629
cat1.png,0.0037990717391949147,0.04820634517818689,0.002066470420686528,0.012166453409008682,0.025603595655411482,0.004475121502764523,0.025605967734009027,0.7692280858755112,0.007049502455629408,0.02013749594334513,0.007832897827029228,0.026102748699486256,0.007645334233529866,0.002207094104960561,0.01610535883810371,0.021768469479866326
cat10.png,0.0072091175825335085,0.21351971849799156,0.005055233370512724,0.024688389850780368,0.04708274453878403,0.006965506938286126,0.09011184796690941,0.17823075503110886,0.012876562541350722,0.008629969786852598,0.029944143956527114,0.11854228377342224,0.036759821232408285,0.006640088511630893,0.05989197501912713,0.15385182574391365
cat2.png,0.008801587508060038,0.10896647348999977,0.003403081209398806,0.03833671240136027,0.01583058713003993,0.008553214836865664,0.017766726086847484,0.5693773180246353,0.012099235667847097,0.015404935809783638,0.016463120933622122,0.05162799055688083,0.019424108788371086,0.00614023522939533,0.058651468716561794,0.04915318265557289
cat3.png,0.010925442795269191,0.0961104966700077,0.004721387347672135,0.012326848111115396,0.15592844411730766,0.00832264416385442,0.30011170357465744,0.048974546138197184,0.004977190284989774,0.018743269727565348,0.03962078969925642,0.02752341376617551,0.11587320547550917,0.02579941344447434,0.043636033311486244,0.08640516921877861
cat4.png,0.011817303602583706,0.09398581366986036,0.002876073122024536,0.4659031480550766,0.02933406108058989,0.06332102324813604,0.04468435235321522,0.07486892957240343,0.011539004044607282,0.02287192060612142,0.029601217713207006,0.080334875266999,0.011173120466992259,0.013033242896199226,0.013763242168352008,0.0308926859870553
cat5.png,0.007033551693893969,0.0846653189510107,0.005817007797304541,0.047392167150974274,0.04117801645770669,0.005201693100389093,0.02578498492948711,0.4133257791399956,0.009888853877782822,0.010822186595760286,0.01820956834126264,0.07518984889611602,0.019117217743769288,0.005614645255263895,0.04229803942143917,0.18846112489700317
cat6.png,0.038846164010465145,0.0877121165394783,0.0048501178389415145,0.050143936183303595,0.038340138737112284,0.0160351088270545,0.03020534384995699,0.5285714492201805,0.009793437318876386,0.036608198657631874,0.017312103416770697,0.057200003415346146,0.014802669640630484,0.016008652513846755,0.024374034954234958,0.029196495190262794
cat7.png,0.013439955189824104,0.10113852005451918,0.003872718894854188,0.035185747779905796,0.022133574122563004,0.002441246761009097,0.050380786415189505,0.5076366513967514,0.005357206449843943,0.007755670580081642,0.047637864015996456,0.022740772226825356,0.0072218067944049835,0.009010640904307365,0.018571099848486483,0.1454757647588849
cat8.png,0.00680184451630339,0.21158663928508759,0.0009597026801202446,0.028691970510408282,0.015452652238309383,0.007024816062767059,0.022818368393927813,0.19610263034701347,0.0063017294742167,0.01613101630937308,0.016759032965637743,0.012043551017995924,0.001748326700180769,0.003032791515579447,0.028674093773588538,0.4258708134293556
cat9.png,0.042613837867975235,0.07985559850931168,0.0043812147923745215,0.08790876995772123,0.05795933119952679,0.00780803756788373,0.13982632383704185,0.17138744704425335,0.0064562681363895535,0.00752998300595209,0.06735870335251093,0.022470455383881927,0.01616129034664482,0.008851231425069273,0.03181828744709492,0.24761323630809784
chair1.png,0.01592582743614912,0.01587264845147729,0.010642236564308405,0.019267716677859426,0.012342341709882021,0.022344671888276935,0.017250119941309094,0.021245385752990842,0.5297742336988449,0.06672186311334372,0.037360432324931026,0.04122750833630562,0.0782893393188715,0.018952311016619205,0.05174151714891195,0.041041857562959194
chair10.png,0.003597064525820315,0.0006610825003008358,0.02197649609297514,0.0029802250501234084,0.005113219784107059,0.001720649073831737,0.004317578917834908,0.003873694804497063,0.8840875774621964,0.012298836605623364,0.006198760820552707,0.0014323624345706776,0.009784649591892958,0.0010407555819256231,0.026125732343643904,0.014791372348554432
chair2.png,0.01297852792777121,0.009757280582562089,0.004626719921361655,0.011932369554415345,0.01307306019589305,0.007642241776920855,0.0027994256670353934,0.011408557300455868,0.807600200176239,0.019368369365110993,0.005071884486824274,0.020972878206521273,0.017139597330242395,0.006539886933751404,0.040713377529755235,0.008375570469070226
chair3.png,0.01819999306462705,0.0038782658521085978,0.020253074122592807,0.00626813191047404,0.01166918664239347,0.008565049152821302,0.02352525433525443,0.0073514100513421,0.743028923869133,0.030800320208072662,0.013610843918286264,0.0027545960911083966,0.019442403805442154,0.01209604344330728,0.060059649869799614,0.018496885430067778
chair4.png,0.01954019069671631,0.00890629191417247,0.015509505989030004,0.03308461746200919,0.01037291286047548,0.011731010396033525,0.004598124942276627,0.009492001263424754,0.7699466496706009,0.014868291094899178,0.01164264278486371,0.014646390220150352,0.022786663379520178,0.006022562854923308,0.03450083010829985,0.012351270881481469
chair5.png,0.23522868007421494,0.005549953784793615,0.047616553492844105,0.08067997358739376,0.025553690269589424,0.006426736363209784,0.007819765480235219,0.019838925916701555,0.448276586830616,0.0437488560564816,0.00881533685605973,0.005288662330713123,0.012599011650308967,0.013440728420391679,0.023751734290271997,0.015364807331934571
chair6.png,0.00083999837806914,0.0006687639906886034,0.0036193863197695464,0.0034193473402410746,0.0029695314588025212,0.0019457745656836778,0.0011753281578421593,0.0016750171780586243,0.9470900893211365,0.0034647748107090592,0.007287863292731345,0.0010754828690551221,0.0034484713105484843,0.001211388924275525,0.015778697561472654,0.0043300914112478495
chair7.png,0.03831080859526992,0.0242105966899544,0.004021618922706693,0.05817646160721779,0.07858441956341267,0.011762576410546899,0.06370492652058601,0.12424338608980179,0.13967347517609596,0.03370330994948745,0.021502448245882988,0.024345915648154914,0.05911000072956085,0.026885936502367258,0.2078559510409832,0.08390814252197742
chair8.png,0.014680339838378131,0.0006867597840027884,0.03693354269489646,0.00528531163581647,0.001834908005548641,0.0073584094643592834,0.0021228142140898854,0.0022953654697630554,0.8855555504560471,0.0071300448616966605,0.0062056382885202765,0.002165885583963245,0.008796401380095631,0.005854783754330128,0.008187362516764551,0.004906923626549542
chair9.png,0.009506746428087354,0.002173823391785845,0.02746917586773634,0.012872462393715978,0.008493507164530456,0.0031568408012390137,0.003709805430844426,0.010399009333923459,0.7380138337612152,0.026286247884854674,0.024179762694984674,0.0019106460676994175,0.01741224038414657,0.0034793118247762322,0.06926073040813208,0.04167584516108036
clock1.png,0.012915458297356963,0.06434497889131308,0.012966291513293982,0.022768391529098153,0.0904556168243289,0.021332004573196173,0.06692181993275881,0.04083951748907566,0.02053151186555624,0.09336313605308533,0.0635067904368043,0.03860782831907272,0.21102005615830421,0.09686543978750706,0.09572220128029585,0.04783899197354913
clock10.png,0.01822863915003836,0.010784709942527115,0.027114406693726778,0.22804298996925354,0.1372635532170534,0.04558101063594222,0.06522638164460659,0.055965798906981945,0.08716310188174248,0.18614313192665577,0.039224227890372276,0.006337444006931037,0.004839528875891119,0.007831233670003712,0.0478201643563807,0.03243365231901407
clock2.png,0.005754164914833382,0.03763481951318681,0.01385987683897838,0.010414543678052723,0.018563803052529693,0.05249034194275737,0.016811675624921918,0.055969731882214546,0.046272898092865944,0.5543659552931786,0.036833285354077816,0.008257804118329659,0.04080703132785857,0.03351572691462934,0.04560026293620467,0.02284805616363883
clock3.png,0.003923859825590625,0.05110391019843519,0.009704215452075005,0.008814875793177634,0.018122015637345612,0.06706751277670264,0.017014101147651672,0.06598859746009111,0.03444029623642564,0.5329163298010826,0.027438391698524356,0.008964459644630551,0.04760461486876011,0.03280768892727792,0.05558264767751098,0.018506498949136585
clock4.png,0.004730475775431842,0.08671748824417591,0.009218340856023133,0.02269973373040557,0.0723118418827653,0.052200314588844776,0.12205461412668228,0.06508750934153795,0.01619432494044304,0.15874834544956684,0.07731450442224741,0.0255093639716506,0.059273754712194204,0.04439895413815975,0.14127693511545658,0.0422635180875659
clock5.png,0.006179528194479644,0.03818981978110969,0.014528859581332654,0.01007429335732013,0.018849976593628526,0.05304128350690007,0.016731933341361582,0.062327452935278416,0.04561685328371823,0.5433259084820747,0.03645371203310788,0.009386051853653044,0.04587825620546937,0.03215340385213494,0.040942571591585875,0.02632010285742581
clock6.png,0.00853438361082226,0.04428642289713025,0.01800493139307946,0.01276989362668246,0.02904179086908698,0.05106000602245331,0.025472309440374374,0.04942920245230198,0.045595685951411724,0.39857636764645576,0.052022237330675125,0.018172935000620782,0.10276314988732338,0.037940175738185644,0.06965942960232496,0.036671088077127934
clock7.png,0.0025259811664000154,0.07284112786874175,0.006461026729084551,0.006656672456301749,0.015506599331274629,0.05308842658996582,0.2098661083728075,0.034263556357473135,0.02400655602104962,0.04187613562680781,0.03197094798088074,0.03340600582305342,0.14096667803823948,0.03344848356209695,0.24822963774204254,0.044886063085868955
clock8.png,0.0011407294077798724,0.013307740446180105,0.0025585591502022,0.021413410431705415,0.013470539706759155,0.43134135007858276,0.010420459439046681,0.027488626074045897,0.025340395513921976,0.39607023447752,0.0060820780345238745,0.020908404258079827,0.00716639740858227,0.006720827426761389,0.014041147194802761,0.0025290986231993884
clock9.png,0.008111801638733596,0.038623310159891844,0.018141125328838825,0.015493923798203468,0.025834799278527498,0.04868772719055414,0.024040703079663217,0.05546092800796032,0.04489685920998454,0.4635390602052212,0.036560108652338386,0.019323033397085965,0.07818703260272741,0.03266085451468825,0.05035900603979826,0.04007973521947861
dog1.png,0.0011981316056335345,0.16740209935232997,0.0013071632129140198,0.017306654481217265,0.003223517880542204,0.0025031010154634714,0.027470394037663937,0.01538059872109443,0.004796826047822833,0.009155341045698151,0.5680204853415489,0.057077269069850445,0.01314610050758347,0.008193662448320538,0.050048142205923796,0.0537705491296947
dog10.png,0.026507194386795163,0.011711208848282695,0.0034019368467852473,0.6152003705501556,0.057190053164958954,0.028406568337231874,0.0419413922354579,0.015316062490455806,0.010766135877929628,0.008202448836527765,0.09680625610053539,0.014889162965118885,0.00613780107232742,0.041907279286533594,0.011134036933071911,0.010482124635018408
dog2.png,0.0025545097305439413,0.14171295892447233,0.005981491063721478,0.06129399826750159,0.010561247123405337,0.017239603213965893,0.07984342332929373,0.01650301576592028,0.007471650780644268,0.03782013605814427,0.34600866958498955,0.06859700195491314,0.061885416973382235,0.029782249592244625,0.049475058913230896,0.0632695690728724
dog3.png,0.12534711323678493,0.018990160198882222,0.014029898447915912,0.44723285734653473,0.01509559666737914,0.005070366256404668,0.024226305074989796,0.02185449213720858,0.025250336155295372,0.01741726789623499,0.21905844658613205,0.005180423671845347,0.010401508887298405,0.01249584963079542,0.013972567627206445,0.024376793298870325
dog4.png,0.00017214843137480784,0.02068716613575816,0.00041131617763312533,0.02504940563812852,0.002077870594803244,0.0016546901606488973,0.011206266935914755,0.00194680254207924,0.0007015545998001471,0.003063287804252468,0.9151561260223389,0.0037508453242480755,0.005387630924815312,0.0009865793981589377,0.003404592862352729,0.004343679494922981
dog5.png,0.0011563222797121853,0.05796095822006464,0.0038191997446119785,0.0210845279507339,0.006673588999547064,0.010359508683905005,0.051447635516524315,0.012315407977439463,0.004977126547601074,0.017743128701113164,0.7199155688285828,0.015475557651370764,0.016180415637791157,0.0025834022380877286,0.027104481821879745,0.03120313840918243
dog6.png,0.0011888515582541004,0.33160270005464554,0.0019551301520550624,0.02029781392775476,0.00834589940495789,0.0029691743256989866,0.05757227819412947,0.057810946367681026,0.002985330967931077,0.020392940030433238,0.1981014497578144,0.06706120911985636,0.013191365404054523,0.0020868210413027555,0.029230790212750435,0.18520731292665005
dog7.png,0.00020752064665430225,0.03213104174938053,0.0005224063606874552,0.007634141482412815,0.0006180730597407091,0.001979300897801295,0.004590597236528993,0.002775654022116214,0.0006488869257736951,0.0026777343591675162,0.9203590005636215,0.008684804779477417,0.002630684248288162,0.001064127529389225,0.007105715601937845,0.006370276445522904
dog8.png,0.0002165801288356306,0.01604544708970934,0.004278890002751723,0.009365401579998434,0.001620332957827486,0.017324147513136268,0.006728342268615961,0.0035667978518176824,0.02909231837838888,0.004489681450650096,0.430264450609684,0.46457628160715103,0.0015062032616697252,0.0009156023006653413,0.006077358848415315,0.003932163934223354
dog9.png,0.013802346657030284,0.0333832292817533,0.017367170192301273,0.09570759907364845,0.02719693724066019,0.03166599106043577,0.03177582425996661,0.031349167227745056,0.015176130225881934,0.015515450271777809,0.5324904769659042,0.01836677175015211,0.05138243781402707,0.022160185500979424,0.02644547400996089,0.036214799620211124
elephant1.png,0.00020802296057809144,0.3439757227897644,0.000587941707635764,0.0032723237527534366,0.0038762096519349143,0.002104123224853538,0.01171499420888722,0.016482767066918314,0.0026070687745232135,0.0033876014495035633,0.012450564478058368,0.566761426627636,0.0039044265577103943,0.0005049471692473162,0.013148827711120248,0.015013047959655523
elephant10.png,0.0032882202649489045,0.21688659861683846,0.002376272721448913,0.033118427032604814,0.016239966731518507,0.021642862586304545,0.026397667126730084,0.10953444428741932,0.018420510226860642,0.08604342956095934,0.09433362353593111,0.0344887156970799,0.09982235264033079,0.012519582058303058,0.09533162321895361,0.12955571617931128
elephant2.png,0.00027243785734754056,0.2053010668605566,0.002952175564132631,0.008278161520138383,0.004134324786718935,0.01971491612493992,0.010049298405647278,0.005293614638503641,0.010085955203976482,0.00493346294388175,0.2036539912223816,0.49452777951955795,0.003833366383332759,0.0025503598735667765,0.011314678005874157,0.013104395125992596
elephant3.png,0.016460562823340297,0.07658634893596172,0.008019760716706514,0.12839214596897364,0.10584217868745327,0.055119541473686695,0.023275568848475814,0.04850423103198409,0.12540405802428722,0.06814253889024258,0.04084196547046304,0.12405274249613285,0.013501295121386647,0.026060346513986588,0.11566498875617981,0.02413170482032001
elephant4.png,0.0012481804660637863,0.17011547647416592,0.0033047968172468245,0.0021791699109598994,0.0021656939934473485,0.0028590889705810696,0.028344342950731516,0.0065326646727044135,0.004895048739854246,0.004423277685418725,0.027735533891245723,0.6456942856311798,0.015765240998007357,0.005963034578599036,0.026304727885872126,0.0524694318883121
elephant5.png,0.0008403996216657106,0.2992442063987255,0.0012965353962499648,0.011235169018618762,0.0017646129563217983,0.003607953345635906,0.014234913745895028,0.0039806803106330335,0.001765479813911952,0.0020624559110729024,0.1754910945892334,0.4693654179573059,0.002490089464117773,0.0030030937341507524,0.001797296543372795,0.007820607395842671
elephant6.png,0.0016582452080911025,0.4803197830915451,0.001336901928880252,0.002648614317877218,0.004477552487514913,0.0014003779069753364,0.028671360109001398,0.018274211150128394,0.0033971685625147074,0.0027106617053505033,0.004744225996546447,0.34823543205857277,0.0056548770517110825,0.0013011149712838233,0.03785653552040458,0.05731293000280857
elephant7.png,0.00016559789401071612,0.47962625324726105,0.00029639168133144267,0.0071755216922611,0.0009567217275616713,0.0006528593512484804,0.007011580077232793,0.0024079207505565137,0.000510573237988865,0.0009655038520577364,0.004439587763044983,0.49048660695552826,0.00021300623484421521,0.00013563848369813059,0.0013519971980713308,0.00360427335544955
elephant8.png,0.009506895672529936,0.369646281003952,0.008792093954980373,0.089540496468544,0.024187522707507014,0.016038184869103134,0.06683503976091743,0.09115579351782799,0.010291400831192732,0.013462771195918322,0.04052952164784074,0.07948509231209755,0.015500782756134868,0.0034952366549987346,0.02450794423930347,0.1370249968022108
elephant9.png,0.0002987146690429654,0.075867117382586,0.0009606650710338727,0.002038335835095495,0.0028049462125636637,0.0028510455740615726,0.009655517642386258,0.004074311116710305,0.0013937782641733065,0.002612345910165459,0.008033504127524793,0.873604342341423,0.0034983445948455483,0.0011247966613154858,0.005976555170491338,0.005205675610341132
keyboard1.png,0.014844295219518244,0.03510348964482546,0.006590154021978378,0.018527787236962467,0.015755211468786,0.014383791713044047,0.03061450319364667,0.038291113916784525,0.019937139470130205,0.017467627301812172,0.15729831159114838,0.037307801656425,0.16628889832645655,0.18582195788621902,0.0407696757465601,0.20099823363125324
keyboard10.png,0.026686864672228694,0.018931588158011436,0.015861108666285872,0.01266206637956202,0.09742352366447449,0.024726919597014785,0.03616277454420924,0.027338408399373293,0.014865844044834375,0.040932499803602695,0.019715009722858667,0.018261213321238756,0.418039046227932,0.17415123991668224,0.028684062184765935,0.02555781719274819
keyboard2.png,0.02974215056747198,0.020031446823850274,0.01375828986056149,0.013684524921700358,0.10759169515222311,0.027625625487416983,0.030428865924477577,0.02349099121056497,0.016605574171990156,0.03519610362127423,0.0173565405420959,0.012598757864907384,0.3515080437064171,0.24740829691290855,0.03087693511042744,0.02209615067113191
keyboard3.png,0.014247728511691093,0.024265962187200785,0.011118541238829494,0.010275608510710299,0.04924104921519756,0.020884720608592033,0.01653035543859005,0.028822070453315973,0.04576287418603897,0.04708080179989338,0.01912941364571452,0.021503448951989412,0.4833431616425514,0.07979814987629652,0.06400456046685576,0.0639914853964001
keyboard4.png,0.02493876637890935,0.020765688037499785,0.018094487953931093,0.009393000858835876,0.14350800588726997,0.01815820811316371,0.03633706737309694,0.03081695782020688,0.02439430868253112,0.05736290570348501,0.01855856692418456,0.015801084227859974,0.34860044345259666,0.12872405722737312,0.0613519917242229,0.04319444205611944
keyboard5.png,0.01825246657244861,0.03650154685601592,0.008534388383850455,0.01356615498661995,0.1324402904137969,0.013871057773940265,0.09970479644834995,0.042570437770336866,0.016445291694253683,0.03510148450732231,0.04266795236617327,0.01570511539466679,0.27714626118540764,0.1695825420320034,0.04857509955763817,0.029335155617445707
keyboard6.png,0.00945686106570065,0.011371642292942852,0.003970207239035517,0.005602891353191808,0.010323207476176322,0.01352103240787983,0.006722380232531577,0.0050708617782220244,0.03226044634357095,0.012476568692363799,0.018552429508417845,0.0032500354573130608,0.2168853934854269,0.50035160779953,0.09148481721058488,0.05869964696466923
keyboard7.png,0.05239310674369335,0.020551355089992285,0.018972341436892748,0.019101703306660056,0.13080978859215975,0.020959689281880856,0.034583950880914927,0.020108431577682495,0.017599031561985612,0.04308811668306589,0.015802284004166722,0.009601851226761937,0.2666620798408985,0.2771686278283596,0.032658937852829695,0.019938726793043315
keyboard8.png,0.007640905329026282,0.07179660070687532,0.008154973271302879,0.028369721956551075,0.06383792869746685,0.018472542986273766,0.1566668301820755,0.06629041861742735,0.023560029221698642,0.03990811901167035,0.06799729261547327,0.06321230996400118,0.16267088055610657,0.020230575231835246,0.10239348281174898,0.09879741258919239
keyboard9.png,0.020511937560513616,0.03964779246598482,0.016710291616618633,0.014515713904984295,0.034800303634256124,0.021169060841202736,0.029197121039032936,0.08495694678276777,0.0308598424308002,0.05803305376321077,0.04012575373053551,0.023888078285381198,0.27834151312708855,0.050169382244348526,0.09437939478084445,0.1626938097178936
knife1.png,0.039883635006845,0.005588440806604922,0.011820574523881078,0.02383361873216927,0.020984152797609568,0.007911919732578099,0.006551517464686185,0.013799262698739767,0.010714358417317271,0.05842834152281284,0.009596981224603951,0.009317518095485866,0.11539790034294128,0.6487313061952591,0.008024815120734274,0.009415632288437337
knife10.png,0.02171600004658103,0.0027157217264175415,0.0021219378540990874,0.003706846386194229,0.010316762840375304,0.006196095957420766,0.007270636619068682,0.005895458278246224,0.002935638156486675,0.004136445408221334,0.002647655812324956,0.0016088211705209687,0.11264129914343357,0.8073343336582184,0.004687178647145629,0.0040691964677535
knife2.png,0.27475670725107193,0.009424884570762515,0.004992727946955711,0.12648636382073164,0.016168684232980013,0.002956243872176856,0.00804470235016197,0.01779930852353573,0.00245948473457247,0.0032506007119081914,0.018075322965160012,0.01317554630804807,0.040904497262090445,0.4463105946779251,0.0044227679463801906,0.010771609377115965
knife3.png,0.009119466878473759,0.0007746348419459537,0.0030194699356798083,0.018771686824038625,0.003626360383350402,0.0024862345308065414,0.0010427862289361656,0.0011510069307405502,0.0013116677582729608,0.004517659719567746,0.0057587348856031895,0.0010096110054291785,0.02081410214304924,0.9208167642354965,0.002025207068072632,0.0037546120292972773
knife4.png,0.18764198198914528,0.0021846657036803663,0.0019777825655182824,0.008509995765052736,0.01408713252749294,0.001690229430096224,0.0023266445205081254,0.0012469455978134647,0.0023515146458521485,0.002514887979486957,0.0019951363501604646,0.000934835392399691,0.014442653977312148,0.7508027851581573,0.0025579744251444936,0.0047347963554784656
knife5.png,0.017586136353202164,0.029587286757305264,0.005112208018545061,0.030143314506858587,0.0322887715883553,0.012767844134941697,0.07186257932335138,0.010349851101636887,0.006460055126808584,0.009483672503847629,0.06126732658594847,0.019334973767399788,0.1518220854923129,0.4822654649615288,0.02098018187098205,0.03868824220262468
knife6.png,0.09120282251387835,0.019479275215417147,0.008919075597077608,0.16917731426656246,0.017940371064469218,0.019069357309490442,0.036549624521285295,0.018767215311527252,0.00944109819829464,0.014509445987641811,0.03295658901333809,0.028425888624042273,0.032410371117293835,0.47522079944610596,0.014667914249002934,0.011262817773967981
knife7.png,0.010503624565899372,0.008363134576939046,0.0023733425477985293,0.0065493875881657004,0.012217533541843295,0.007668527774512768,0.036810864228755236,0.003075315908063203,0.011301946360617876,0.009633100125938654,0.02854347531683743,0.0013212828926043585,0.20509989466518164,0.6023636236786842,0.034628067165613174,0.019546866067685187
knife8.png,0.07528930436819792,0.021600086009129882,0.007345814723521471,0.04288192559033632,0.07325983513146639,0.010410321527160704,0.040404205210506916,0.010296877939254045,0.008494030102156103,0.014360863715410233,0.03018209571018815,0.009023883612826467,0.1105774063616991,0.49901310354471207,0.019020089181140065,0.027840161230415106
knife9.png,0.035422612680122256,0.0049796107923612,0.005851898691616952,0.0164483399130404,0.00743032107129693,0.009035074966959655,0.01799073675647378,0.012310103164054453,0.007620265823788941,0.010143005172722042,0.017850880045443773,0.008237287809606642,0.05913583282381296,0.7737299799919128,0.00672118563670665,0.0070928860804997385
oven1.png,0.02513278042897582,0.03699343232437968,0.0164382834918797,0.02902194671332836,0.05136016197502613,0.038518309593200684,0.033263312885537744,0.04697743011638522,0.029964336194097996,0.08605726435780525,0.04647529264912009,0.03126241685822606,0.32226020842790604,0.0650731036439538,0.08556419936940074,0.055637519573792815
oven10.png,0.02186633599922061,0.02747088111937046,0.015649935929104686,0.013606306863948703,0.07163564302027225,0.021307900547981262,0.059433069080114365,0.06577752716839314,0.0330366687849164,0.03959925705567002,0.040134998969733715,0.021338507998734713,0.32043393701314926,0.046400463208556175,0.09609475824981928,0.10621382528916001
oven2.png,0.016525557963177562,0.04633159376680851,0.015412068692967296,0.051798950880765915,0.04389410652220249,0.04887558612972498,0.02526505186688155,0.06277652271091938,0.054874020628631115,0.08084197994321585,0.06619204301387072,0.06120193190872669,0.20993048325181007,0.03228359576314688,0.10537106078118086,0.07842540182173252
oven3.png,0.010725475614890456,0.05265591386705637,0.004803084826562554,0.018817051080986857,0.03771039447747171,0.012975568184629083,0.0563078080303967,0.09639144688844681,0.028791739605367184,0.015597662888467312,0.04078644374385476,0.010156812029890716,0.05312789045274258,0.019328760681673884,0.22388936206698418,0.3179345726966858
oven4.png,0.004985878767911345,0.040779187344014645,0.006886644288897514,0.011886165710166097,0.03787650214508176,0.017546699848026037,0.05583861470222473,0.0447539915330708,0.07483528833836317,0.027311594923958182,0.03802023222669959,0.012580298236571252,0.07844615634530783,0.031234614551067352,0.2910163067281246,0.2260018214583397
oven5.png,0.0030754217877984047,0.07321123499423265,0.0025021200999617577,0.03445584187284112,0.03290320234373212,0.054339067079126835,0.07358167041093111,0.11023362074047327,0.03888548165559769,0.025830384227447212,0.09192137140780687,0.0398963603656739,0.016039127367548645,0.00765084708109498,0.21819212287664413,0.17728212475776672
oven6.png,0.0016107869450934231,0.13439426012337208,0.0027778072690125555,0.011197054293006659,0.030666979029774666,0.01553814997896552,0.15183555893599987,0.042661499697715044,0.03266696981154382,0.03187818452715874,0.041984906420111656,0.039263369515538216,0.036990052089095116,0.008077804581262171,0.2354036644101143,0.18305295519530773
oven7.png,0.006114346964750439,0.0537818088196218,0.003107505850493908,0.007903495745267719,0.01701483433134854,0.005573474918492138,0.05210314970463514,0.030162757262587547,0.05902210809290409,0.00986351480241865,0.08845202438533306,0.005271320347674191,0.07773636095225811,0.04056616546586156,0.21696648001670837,0.32636067643761635
oven8.png,0.005531839036848396,0.03627358376979828,0.008109827060252428,0.009635778609663248,0.04183485545217991,0.011181057896465063,0.08569073071703315,0.03339643846265972,0.01267649745568633,0.04755166871473193,0.06926168780773878,0.014247111277654767,0.42970792204141617,0.050497306510806084,0.08997268043458462,0.05443101143464446
oven9.png,0.003773730539251119,0.10819249413907528,0.005380823626182973,0.0493356182705611,0.05460705608129501,0.018319835886359215,0.1759452037513256,0.17279478535056114,0.03806914621964097,0.0640674764290452,0.059790330938994884,0.040785028133541346,0.025973996380344033,0.006899089668877423,0.1172607783228159,0.05880460236221552
truck1.png,0.008093268726952374,0.0382175762206316,0.011125757358968258,0.0164696651045233,0.06398286856710911,0.031201187055557966,0.05599775118753314,0.03464864147827029,0.025491111911833286,0.08030190970748663,0.06381032522767782,0.021295822225511074,0.25037530809640884,0.07336875610053539,0.17707765009254217,0.04854239709675312
truck10.png,0.004493324493523687,0.2178497649729252,0.00119482193258591,0.03287642286159098,0.009459094784688205,0.004924930399283767,0.11115115601569414,0.06359650520607829,0.006366761983372271,0.007602558005601168,0.01138604327570647,0.045062462566420436,0.006499260838609189,0.0035774363786913455,0.13471692241728306,0.33924253284931183
truck2.png,0.004895523830782622,0.031816041097044945,0.0019639411621028557,0.008895761740859598,0.01234786247368902,0.003404942573979497,0.021529363002628088,0.047210062853991985,0.007946032914333045,0.0034957584575749934,0.005395240266807377,0.018827705876901746,0.03270554612390697,0.0020314969297032803,0.055420562624931335,0.7421142011880875
truck3.png,0.009676108718849719,0.04966945992782712,0.005346965277567506,0.017799072433263063,0.04554549464955926,0.007707762881182134,0.07240218576043844,0.07507450133562088,0.010901610599830747,0.020622260170057416,0.05255188560113311,0.019318457692861557,0.28615443781018257,0.038226185366511345,0.06479962728917599,0.22420396655797958
truck4.png,0.018404339207336307,0.078635573387146,0.004373888485133648,0.028658190742135048,0.04191569611430168,0.0029001420771237463,0.040455101523548365,0.3014463521540165,0.0059269118355587125,0.010931722179520875,0.021363283158279955,0.020514135947450995,0.034447037847712636,0.00815695186611265,0.053723529912531376,0.32814714685082436
truck5.png,0.010851911385543644,0.06639700289815664,0.004610592732205987,0.01584314845968038,0.02653729566372931,0.010424074716866016,0.02857544319704175,0.10510167572647333,0.011415269924327731,0.02337167924270034,0.027318240609019995,0.016296684741973877,0.17791015282273293,0.014071250101551414,0.07312160916626453,0.38815395161509514
truck6.png,0.0686218710616231,0.04628339875489473,0.007730587967671454,0.02611145470291376,0.07401810493320227,0.004143586731515825,0.06448605004698038,0.11882432922720909,0.013272237265482545,0.011096181930042803,0.01461544749327004,0.013694507535547018,0.06921163201332092,0.036657100543379784,0.06110295373946428,0.3701305463910103
truck7.png,0.004564647097140551,0.1379288211464882,0.0057553043006919324,0.022176066413521767,0.03593576280400157,0.01406041206791997,0.15683387592434883,0.09992014616727829,0.013121736701577902,0.03385119140148163,0.06316766608506441,0.07341398298740387,0.10923044197261333,0.009138210560195148,0.10225119814276695,0.1186505313962698
truck8.png,0.0018048520723823458,0.22572147846221924,0.0013154176122043282,0.04077511606737971,0.0235417396761477,0.00520206056535244,0.09276417177170515,0.16766124963760376,0.004636666504666209,0.012971690855920315,0.08350607473403215,0.04069246188737452,0.005801140621770173,0.003107681986875832,0.037895881570875645,0.25260229781270027
truck9.png,0.006551725440658629,0.045331417582929134,0.00917958584614098,0.01708027394488454,0.08830499555915594,0.026738499756902456,0.08208736777305603,0.048845015466213226,0.031187578570097685,0.05326840514317155,0.06804880034178495,0.012565062614157796,0.24692978337407112,0.03194032795727253,0.15374081395566463,0.07820031885057688
