unique_img,airplane,bear,bicycle,bird,boat,bottle,car,cat,chair,clock,dog,elephant,keyboard,knife,oven,truck
airplane1-bicycle2.png,0.1006564274430275,0.06182589381933212,0.0662282183766365,0.15731729567050934,0.0524311363697052,0.03138788789510727,0.03241070732474327,0.06775953620672226,0.06065487861633301,0.04998696595430374,0.05839834362268448,0.027311651036143303,0.03337478265166283,0.16335955262184143,0.011172766797244549,0.025723960250616074
airplane1-chair2.png,0.22586478292942047,0.015016366727650166,0.08989090472459793,0.07613880187273026,0.04042435809969902,0.02206045761704445,0.012929517775774002,0.0957508385181427,0.1847410500049591,0.027293682098388672,0.05616043135523796,0.03878088295459747,0.013708836399018764,0.040317557752132416,0.03893616795539856,0.02198539488017559
airplane1-clock1.png,0.12725329399108887,0.018439527601003647,0.0844358578324318,0.0940631553530693,0.07962243258953094,0.02013446018099785,0.016399594023823738,0.025992726907134056,0.26388829946517944,0.0555296428501606,0.021160351112484932,0.03339483216404915,0.020384622737765312,0.0984281599521637,0.02294399030506611,0.01792907528579235
airplane1-elephant1.png,0.09062305837869644,0.0331391878426075,0.06901072710752487,0.11306936293840408,0.06986893713474274,0.030443616211414337,0.020591622218489647,0.06607374548912048,0.07733017951250076,0.06106976419687271,0.056515537202358246,0.039972249418497086,0.04192213714122772,0.19119445979595184,0.019155660644173622,0.020019782707095146
airplane10-airplane1.png,0.08861470222473145,0.058995310217142105,0.05039968341588974,0.05411302298307419,0.0972495824098587,0.013910379260778427,0.05961592122912407,0.13039442896842957,0.037044961005449295,0.02969284914433956,0.037111468613147736,0.03243413195014,0.0697832703590393,0.04010014981031418,0.09269551187753677,0.10784462094306946
airplane10-bear3.png,0.033715348690748215,0.04857071489095688,0.020592115819454193,0.06065059453248978,0.07372543215751648,0.04732289910316467,0.0778566300868988,0.05771474540233612,0.08815007656812668,0.012890085577964783,0.03178975731134415,0.10887817293405533,0.14234909415245056,0.1212502121925354,0.049179136753082275,0.025364931672811508
airplane10-boat3.png,0.08511536568403244,0.024802114814519882,0.041394367814064026,0.05668735131621361,0.06953185051679611,0.030002711340785027,0.15894871950149536,0.03453051671385765,0.039217449724674225,0.016294635832309723,0.05270199477672577,0.07420475035905838,0.07525113224983215,0.02653762884438038,0.06329439580440521,0.15148504078388214
airplane10-car3.png,0.03979574888944626,0.03973974287509918,0.015488790348172188,0.05569382384419441,0.11089403927326202,0.04178658127784729,0.16212569177150726,0.06921541690826416,0.024754595011472702,0.008387130685150623,0.0414239875972271,0.0692567303776741,0.12269676476716995,0.05482228100299835,0.07752199470996857,0.06639669835567474
airplane10-cat2.png,0.03592329099774361,0.09805229306221008,0.03510540723800659,0.06125837191939354,0.06869383901357651,0.05877423658967018,0.03793143853545189,0.09210081398487091,0.10664979368448257,0.01624460332095623,0.035504087805747986,0.03999854996800423,0.16448327898979187,0.0762469545006752,0.047038909047842026,0.02599414438009262
airplane10-dog3.png,0.04310184344649315,0.05493712052702904,0.015079298987984657,0.07663558423519135,0.06646565347909927,0.048313770443201065,0.12463728338479996,0.06877627968788147,0.04709445685148239,0.009887414053082466,0.05593687295913696,0.053970322012901306,0.14041659235954285,0.05527881905436516,0.11148416996002197,0.02798455022275448
airplane10-elephant1.png,0.04770735651254654,0.09424424171447754,0.02793319895863533,0.0815274640917778,0.07946828752756119,0.02713584341108799,0.04730299115180969,0.10155941545963287,0.0646119937300682,0.02163267694413662,0.04453254118561745,0.08102794736623764,0.10060051083564758,0.10942065715789795,0.03724491968750954,0.03404982388019562
airplane10-knife3.png,0.20410087704658508,0.037437956780195236,0.03172554075717926,0.04273407161235809,0.10037002712488174,0.052019573748111725,0.07446351647377014,0.03187044709920883,0.044005896896123886,0.0069052353501319885,0.05301112309098244,0.050298623740673065,0.1373475342988968,0.09094805270433426,0.02645999938249588,0.016301516443490982
airplane10-oven2.png,0.050397057086229324,0.00970776192843914,0.02207319624722004,0.013424777425825596,0.03729318082332611,0.029045822098851204,0.23939752578735352,0.019981376826763153,0.15779075026512146,0.017197629436850548,0.02084057405591011,0.006196109112352133,0.03758569434285164,0.06599872559309006,0.19978496432304382,0.07328490912914276
airplane10-truck1.png,0.09891411662101746,0.03513956815004349,0.015009334310889244,0.02552514709532261,0.15329544246196747,0.07196167856454849,0.12562260031700134,0.03983141481876373,0.05719109624624252,0.012487729080021381,0.032382261008024216,0.026193827390670776,0.10774309188127518,0.14054422080516815,0.03302029147744179,0.025138236582279205
airplane2-bear1.png,0.05112401023507118,0.0637606605887413,0.0501377210021019,0.13027560710906982,0.04101525619626045,0.05166436731815338,0.054334960877895355,0.08723106235265732,0.060538869351148605,0.03319387510418892,0.06531665474176407,0.08702119439840317,0.05098165571689606,0.10917074233293533,0.029211631044745445,0.03502173721790314
airplane2-bicycle1.png,0.10891442000865936,0.08275090903043747,0.03255653381347656,0.08929401636123657,0.059182051569223404,0.029386864975094795,0.06329072266817093,0.12264478206634521,0.02171289175748825,0.014231555163860321,0.05249285697937012,0.04998811334371567,0.05749400705099106,0.09707260876893997,0.0591067411005497,0.05988093838095665
airplane2-bird3.png,0.09625361114740372,0.04157859832048416,0.04248926043510437,0.07189584523439407,0.11861414462327957,0.04569089040160179,0.0973312109708786,0.07727513462305069,0.04227226600050926,0.026767250150442123,0.06298001110553741,0.015105034224689007,0.03330434858798981,0.18468274176120758,0.02755015343427658,0.01620948314666748
airplane2-bottle1.png,0.1223740205168724,0.040360137820243835,0.1421288251876831,0.05604607239365578,0.05557124316692352,0.03003079816699028,0.05437236651778221,0.028382927179336548,0.03928925469517708,0.0221237912774086,0.04753068834543228,0.034208040684461594,0.11735643446445465,0.07688587158918381,0.03160528466105461,0.10173424333333969
airplane2-cat1.png,0.08648794889450073,0.0536278672516346,0.027359988540410995,0.13715311884880066,0.08904097229242325,0.036610107868909836,0.04558221250772476,0.08116190880537033,0.04549415782094002,0.019369060173630714,0.09436894208192825,0.04519232362508774,0.07161764800548553,0.11464644968509674,0.03711612522602081,0.015171260572969913
airplane2-dog1.png,0.03958874195814133,0.07062209397554398,0.029773075133562088,0.08279381692409515,0.05445589870214462,0.06661543995141983,0.07051847875118256,0.12736061215400696,0.1211848109960556,0.02477678284049034,0.060426581650972366,0.04906767979264259,0.05245985835790634,0.06605584174394608,0.035158149898052216,0.04914213344454765
airplane3-airplane2.png,0.16413651406764984,0.025411074981093407,0.03916674852371216,0.09610863775014877,0.13039281964302063,0.03382928669452667,0.05469599366188049,0.07257378101348877,0.11304014921188354,0.039752714335918427,0.0299239382147789,0.020115269348025322,0.04730944707989693,0.0805618092417717,0.023053254932165146,0.029928579926490784
airplane3-car1.png,0.059145912528038025,0.062489837408065796,0.040936995297670364,0.06869640201330185,0.1013229638338089,0.052373334765434265,0.051218729466199875,0.07712092995643616,0.08319112658500671,0.021090222522616386,0.06988886743783951,0.04360881447792053,0.1138921007514,0.08289753645658493,0.04678752273321152,0.025338666513562202
airplane3-cat1.png,0.19277438521385193,0.020824139937758446,0.07409708201885223,0.12762175500392914,0.05282009020447731,0.033792804926633835,0.027643075212836266,0.13568761944770813,0.058805909007787704,0.028755150735378265,0.06175477057695389,0.030695928260684013,0.023638874292373657,0.08719330281019211,0.023630643263459206,0.020264415070414543
airplane3-chair3.png,0.12362273037433624,0.014444287866353989,0.0490303672850132,0.035670068114995956,0.07103026658296585,0.0973583236336708,0.031265322118997574,0.0671607255935669,0.05291696637868881,0.014056742191314697,0.04218577593564987,0.0454251728951931,0.04022590443491936,0.2509027421474457,0.0076266746036708355,0.057077955454587936
airplane3-clock1.png,0.04968808591365814,0.08217096328735352,0.06640652567148209,0.09066710621118546,0.09011925756931305,0.05992632731795311,0.04240463301539421,0.0886516198515892,0.08319128304719925,0.04926799237728119,0.06456100940704346,0.042248085141181946,0.05070649832487106,0.05449558049440384,0.04551209881901741,0.039982911199331284
airplane3-dog1.png,0.11874251812696457,0.04851561412215233,0.04983268678188324,0.06728659570217133,0.07791115343570709,0.12460175901651382,0.0454968698322773,0.07064148783683777,0.06641543656587601,0.021424425765872,0.06515921652317047,0.030452333390712738,0.02940019592642784,0.10038311779499054,0.05437171086668968,0.029364868998527527
airplane3-elephant1.png,0.08356384932994843,0.04145657271146774,0.04459576681256294,0.1083584725856781,0.1028028056025505,0.03419815003871918,0.029272757470607758,0.07147344201803207,0.07008986175060272,0.049943335354328156,0.06338496506214142,0.03157268837094307,0.04494648426771164,0.18232382833957672,0.01915617845952511,0.022860856726765633
airplane3-keyboard2.png,0.11140359938144684,0.024308107793331146,0.060374800115823746,0.06989886611700058,0.060542356222867966,0.04274517297744751,0.08007411658763885,0.06843873113393784,0.06288371980190277,0.016209635883569717,0.06509188562631607,0.03133136034011841,0.031085116788744926,0.21789900958538055,0.02126804180443287,0.03644546493887901
airplane3-oven1.png,0.15535038709640503,0.018473075702786446,0.03287399932742119,0.12194318324327469,0.12278488278388977,0.0301040131598711,0.041094377636909485,0.04916011542081833,0.12593743205070496,0.029066525399684906,0.043161459267139435,0.02946542575955391,0.01860947534441948,0.12358984351158142,0.036849115043878555,0.02153666876256466
airplane4-airplane1.png,0.1842668652534485,0.035218432545661926,0.05862020328640938,0.040197741240262985,0.058892861008644104,0.018562186509370804,0.04304646700620651,0.11331091821193695,0.04455786943435669,0.04752389341592789,0.02085067890584469,0.02721945382654667,0.06162172555923462,0.0840853601694107,0.08775096386671066,0.07427439093589783
airplane4-bear3.png,0.05202125385403633,0.0369429849088192,0.035698991268873215,0.058869488537311554,0.07110607624053955,0.036940380930900574,0.07611753046512604,0.07569588720798492,0.09236110746860504,0.022850435227155685,0.03395320847630501,0.06711021810770035,0.11307800561189651,0.14115065336227417,0.05029241368174553,0.035811349749565125
airplane4-bicycle2.png,0.07230639457702637,0.04382761940360069,0.04520059749484062,0.07323352992534637,0.08183670043945312,0.030984412878751755,0.06757695227861404,0.07141891121864319,0.05633698031306267,0.014042719267308712,0.06373830884695053,0.04729337617754936,0.11622100323438644,0.06460728496313095,0.05293916165828705,0.09843605756759644
airplane4-bird3.png,0.1417597234249115,0.04880301281809807,0.02616678737103939,0.059548571705818176,0.10796823352575302,0.021427443251013756,0.12616987526416779,0.06499084830284119,0.07419425994157791,0.008527067489922047,0.03830663859844208,0.05281895399093628,0.06151587516069412,0.04739945009350777,0.06081748008728027,0.0595858171582222
airplane4-boat3.png,0.06182871386408806,0.0387013703584671,0.028819072991609573,0.060570236295461655,0.10055523365736008,0.04836760088801384,0.0953589528799057,0.04927735775709152,0.053416475653648376,0.018442826345562935,0.06673399358987808,0.083487369120121,0.12699788808822632,0.04958118125796318,0.05745089054107666,0.06041080877184868
airplane4-bottle1.png,0.06455112993717194,0.046485789120197296,0.031184982508420944,0.0456770695745945,0.04843868687748909,0.07852262258529663,0.0609002448618412,0.03130597621202469,0.04294315353035927,0.039428822696208954,0.05668681487441063,0.04785938560962677,0.23779185116291046,0.0707542672753334,0.04330918937921524,0.05416002497076988
airplane4-car1.png,0.05223426967859268,0.0448724664747715,0.036716341972351074,0.05314004048705101,0.07683951407670975,0.09753335267305374,0.09857195615768433,0.07375479489564896,0.058203939348459244,0.020909205079078674,0.05884268507361412,0.05477787181735039,0.10082186013460159,0.07218940556049347,0.06941788643598557,0.031174419447779655
airplane4-cat3.png,0.06685975939035416,0.03452617675065994,0.02600979432463646,0.0857587531208992,0.09146793186664581,0.050017498433589935,0.06601351499557495,0.06907159090042114,0.07951896637678146,0.022821499034762383,0.045302361249923706,0.035481046885252,0.1254795342683792,0.06691593676805496,0.11214233934879303,0.02261330559849739
airplane4-dog2.png,0.07318566739559174,0.029685281217098236,0.0460326261818409,0.08840420097112656,0.08707616478204727,0.12075627595186234,0.04533548653125763,0.04637661203742027,0.11597646772861481,0.02002848871052265,0.03188459575176239,0.03989928215742111,0.11522822827100754,0.04284394159913063,0.07714414596557617,0.020142504945397377
airplane4-elephant1.png,0.04171605780720711,0.09535710513591766,0.02290051430463791,0.09048257023096085,0.06874372065067291,0.03407532721757889,0.05419011786580086,0.09384342283010483,0.048099271953105927,0.02030155248939991,0.05845843628048897,0.07626325637102127,0.11350413411855698,0.12192267924547195,0.03785085678100586,0.02229103073477745
airplane4-keyboard3.png,0.07875380665063858,0.02135733887553215,0.04197564721107483,0.04082257300615311,0.05398315563797951,0.018307598307728767,0.1911829113960266,0.04305532947182655,0.08902475982904434,0.009388076141476631,0.02353084273636341,0.05187302082777023,0.131340891122818,0.05653999373316765,0.09177103638648987,0.057093024253845215
airplane4-knife1.png,0.11890964955091476,0.07160593569278717,0.026242883875966072,0.05237645283341408,0.0810311809182167,0.06364145874977112,0.07582385838031769,0.08027872443199158,0.06349390745162964,0.01313060987740755,0.0841158851981163,0.06148708611726761,0.04354057461023331,0.08104696124792099,0.05167311429977417,0.031601682305336
airplane4-truck2.png,0.031611695885658264,0.04725752770900726,0.018547220155596733,0.024808073416352272,0.08829668164253235,0.046485867351293564,0.13262201845645905,0.038783714175224304,0.05040036514401436,0.02384076826274395,0.04832519218325615,0.04236019030213356,0.05042073503136635,0.030860625207424164,0.18864187598228455,0.13673745095729828
airplane5-bear2.png,0.04480570927262306,0.06971606612205505,0.06061169505119324,0.10964595526456833,0.04388615861535072,0.02349339798092842,0.058567605912685394,0.0659513920545578,0.07185625284910202,0.029264122247695923,0.03462757542729378,0.11463234573602676,0.039918944239616394,0.0510740801692009,0.06442557275295258,0.11752311140298843
airplane5-bicycle1.png,0.12322007864713669,0.09457343071699142,0.06933919340372086,0.09001243114471436,0.0640600249171257,0.02290923334658146,0.06196466088294983,0.07959132641553879,0.02173178270459175,0.020300522446632385,0.04978559538722038,0.037748586386442184,0.04962765797972679,0.08582066744565964,0.06713216006755829,0.06218268722295761
airplane5-bird2.png,0.14317305386066437,0.042773861438035965,0.04199948161840439,0.0958017036318779,0.08193527907133102,0.017862897366285324,0.06802541017532349,0.10657940059900284,0.05029234662652016,0.014493586495518684,0.02197488211095333,0.052240028977394104,0.04699111729860306,0.10618086159229279,0.034615855664014816,0.07506022602319717
airplane5-boat3.png,0.15490896999835968,0.03283585608005524,0.04290597140789032,0.04048668593168259,0.07600299268960953,0.017107730731368065,0.10464774072170258,0.04950796440243721,0.042491599917411804,0.014056039042770863,0.031583286821842194,0.032795701175928116,0.10096058994531631,0.06248607486486435,0.05820072442293167,0.13902203738689423
airplane5-bottle3.png,0.26004233956336975,0.023717163130640984,0.21985088288784027,0.03722226619720459,0.03855520114302635,0.02188582718372345,0.037340618669986725,0.026343904435634613,0.025161968544125557,0.03132873773574829,0.02243621274828911,0.026854736730456352,0.03003140352666378,0.08886822313070297,0.014853733591735363,0.09550680965185165
airplane5-chair3.png,0.202474907040596,0.0494607649743557,0.08989996463060379,0.03519633784890175,0.07082514464855194,0.020723186433315277,0.06312846392393112,0.058677271008491516,0.03063932992517948,0.013001923449337482,0.039242107421159744,0.07552966475486755,0.03477387875318527,0.05493153631687164,0.026834016665816307,0.13466152548789978
airplane5-dog3.png,0.07301720231771469,0.07846387475728989,0.08240333199501038,0.09713190048933029,0.06763113290071487,0.03253527358174324,0.04690482094883919,0.11742410808801651,0.06539072096347809,0.035580623894929886,0.05531451478600502,0.06444963067770004,0.07560501992702484,0.04914962872862816,0.03870110586285591,0.020297152921557426
airplane5-knife1.png,0.13549816608428955,0.07804281264543533,0.0388227216899395,0.05269378796219826,0.0719604343175888,0.027933357283473015,0.0752345398068428,0.10049504786729813,0.07494327425956726,0.01095044706016779,0.04609612748026848,0.06465193629264832,0.06460002809762955,0.08537109941244125,0.03989683464169502,0.032809387892484665
airplane5-oven3.png,0.10144126415252686,0.03687502443790436,0.04253634810447693,0.03798424080014229,0.051167577505111694,0.039256833493709564,0.04017500579357147,0.09267070144414902,0.20731958746910095,0.026372043415904045,0.04465019330382347,0.02496814727783203,0.04362182319164276,0.059028513729572296,0.11313145607709885,0.03880119323730469
airplane6-bear3.png,0.15746557712554932,0.03425099700689316,0.06162208318710327,0.06021382287144661,0.07577206939458847,0.03529231250286102,0.03831114619970322,0.04707266017794609,0.03848719596862793,0.04813256487250328,0.047309115529060364,0.0402476042509079,0.07070917636156082,0.15291288495063782,0.047519251704216,0.04468148946762085
airplane6-bottle2.png,0.11094196140766144,0.025943797081708908,0.10456618666648865,0.09576468169689178,0.08530396223068237,0.02722851186990738,0.024826617911458015,0.049081407487392426,0.07606007903814316,0.019623760133981705,0.08740827441215515,0.022460103034973145,0.036461953073740005,0.1939261555671692,0.007031850051134825,0.033370621502399445
airplane6-chair3.png,0.11779305338859558,0.013201873749494553,0.0330759659409523,0.021584609523415565,0.07700342684984207,0.11981641501188278,0.06211470812559128,0.03838576376438141,0.03827356919646263,0.012508497573435307,0.041071683168411255,0.03959524631500244,0.048617299646139145,0.23028890788555145,0.012439950369298458,0.09422903507947922
airplane6-keyboard3.png,0.1980755776166916,0.012393205426633358,0.06332313269376755,0.028741411864757538,0.025266779586672783,0.0341712087392807,0.03977895900607109,0.022157534956932068,0.04492843151092529,0.01165004912763834,0.024009505286812782,0.02006511203944683,0.035960178822278976,0.383501797914505,0.020305607467889786,0.03567146137356758
airplane6-knife1.png,0.10249657183885574,0.016364192590117455,0.0449506975710392,0.052191149443387985,0.06114094331860542,0.03793258219957352,0.06502450257539749,0.05183122307062149,0.15712696313858032,0.01047802995890379,0.054065536707639694,0.029113758355379105,0.05807191878557205,0.172409787774086,0.04005499184131622,0.04674709960818291
airplane7-airplane3.png,0.36654844880104065,0.0158730149269104,0.026527294889092445,0.028267230838537216,0.018790744245052338,0.01782878488302231,0.04233407974243164,0.036772821098566055,0.02348380722105503,0.006095020100474358,0.019988154992461205,0.02566918544471264,0.03303726390004158,0.16673941910266876,0.013227605260908604,0.15881706774234772
airplane7-bird3.png,0.4817443788051605,0.009197148494422436,0.033766187727451324,0.04193352162837982,0.017643162980675697,0.012280837632715702,0.020010914653539658,0.024671301245689392,0.011694548651576042,0.007472318597137928,0.03419586271047592,0.013387388549745083,0.01845673844218254,0.1581505388021469,0.015807533636689186,0.09958767145872116
airplane7-boat2.png,0.1427081972360611,0.04512082040309906,0.10985580831766129,0.0804954394698143,0.07782110571861267,0.028775302693247795,0.04706709459424019,0.05122620239853859,0.08521828800439835,0.0303442794829607,0.056639574468135834,0.038070518523454666,0.04745887964963913,0.08458956331014633,0.016620155423879623,0.05798871070146561
airplane7-bottle3.png,0.3431663513183594,0.022410918027162552,0.06565209478139877,0.050584275275468826,0.01588117890059948,0.02653503604233265,0.02122897282242775,0.07509845495223999,0.05180278420448303,0.02073776349425316,0.028598327189683914,0.031069178134202957,0.05767809972167015,0.0976729691028595,0.019422622397542,0.07246092706918716
airplane7-car1.png,0.07881824672222137,0.06967348605394363,0.039235200732946396,0.06618556380271912,0.06656784564256668,0.045870598405599594,0.05968219414353371,0.08443725109100342,0.07547710090875626,0.022460244596004486,0.0652243047952652,0.0339074581861496,0.10836730152368546,0.1079980731010437,0.031916338950395584,0.04417876526713371
airplane7-cat3.png,0.17504282295703888,0.021383408457040787,0.029674090445041656,0.02779453992843628,0.06630826741456985,0.06823022663593292,0.026037167757749557,0.045489002019166946,0.026640504598617554,0.01186338346451521,0.028415920212864876,0.026371298357844353,0.10735920071601868,0.1412087380886078,0.09890908747911453,0.09927230328321457
airplane7-clock3.png,0.13239625096321106,0.029156070202589035,0.12601442635059357,0.045099467039108276,0.027087854221463203,0.03883546218276024,0.02714373543858528,0.08525808900594711,0.04684139043092728,0.028230488300323486,0.023808766156435013,0.040070947259664536,0.050441719591617584,0.2058219611644745,0.019390802830457687,0.0744025707244873
airplane7-keyboard1.png,0.23028497397899628,0.016679657623171806,0.046911340206861496,0.03507541865110397,0.03596543148159981,0.024837924167513847,0.0680016577243805,0.03542664274573326,0.0351141020655632,0.00582040986046195,0.03822324797511101,0.0303596630692482,0.0661836788058281,0.1867317110300064,0.03100351057946682,0.11338060349225998
airplane7-truck1.png,0.21686945855617523,0.009203620254993439,0.030002225190401077,0.039435796439647675,0.05425114184617996,0.03726310655474663,0.07302307337522507,0.07204456627368927,0.04503272846341133,0.010924022644758224,0.031054936349391937,0.031453460454940796,0.10519775748252869,0.17462025582790375,0.017553573474287987,0.052070342004299164
airplane8-bicycle3.png,0.045349523425102234,0.046450089663267136,0.026962196454405785,0.029385436326265335,0.09299656003713608,0.06674852967262268,0.0804712250828743,0.05735710635781288,0.08559930324554443,0.015288028866052628,0.03244480863213539,0.03759055584669113,0.18226072192192078,0.12225119769573212,0.04673202708363533,0.032112691551446915
airplane8-bird1.png,0.060814548283815384,0.028920091688632965,0.017241345718503,0.15507782995700836,0.0900697112083435,0.0495876669883728,0.0552537739276886,0.0598948672413826,0.025583872571587563,0.013075603172183037,0.04275352880358696,0.05439523607492447,0.09987303614616394,0.21309345960617065,0.02129380963742733,0.013071593828499317
airplane8-chair1.png,0.09375802427530289,0.01825834810733795,0.013759979046881199,0.013925492763519287,0.11963693052530289,0.052067194133996964,0.1174551472067833,0.01931636407971382,0.04539312422275543,0.00653442507609725,0.012083002366125584,0.03579731658101082,0.27256524562835693,0.04544081538915634,0.09700419753789902,0.03700440749526024
airplane8-clock2.png,0.08756702393293381,0.06469959020614624,0.04453719034790993,0.04625445976853371,0.10036493837833405,0.02731497585773468,0.08940230309963226,0.10055485367774963,0.045721136033535004,0.010646927170455456,0.03204941004514694,0.06417301297187805,0.12932446599006653,0.037411659955978394,0.05650283023715019,0.06347516924142838
airplane8-elephant3.png,0.038535766303539276,0.05044567584991455,0.050727903842926025,0.04854525625705719,0.05309895798563957,0.041025012731552124,0.08539365977048874,0.0571686215698719,0.07807237654924393,0.03373401612043381,0.026371443644165993,0.10921789705753326,0.1194087490439415,0.1035509705543518,0.0501428097486496,0.05456085503101349
airplane8-oven2.png,0.10500527173280716,0.021333307027816772,0.03343164920806885,0.03598920628428459,0.04261977970600128,0.05517830699682236,0.09366683661937714,0.04243924841284752,0.17929555475711823,0.0226060152053833,0.018933933228254318,0.01414202619343996,0.042563557624816895,0.08182277530431747,0.15251608192920685,0.0584564171731472
airplane8-truck3.png,0.1937512755393982,0.030611103400588036,0.024453526362776756,0.05109391734004021,0.06861088424921036,0.08308938890695572,0.06161612644791603,0.05059679597616196,0.056797005236148834,0.028697635978460312,0.04905398190021515,0.04324369132518768,0.13370101153850555,0.05197843909263611,0.03616436943411827,0.03654084354639053
airplane9-airplane2.png,0.2672886848449707,0.01607801578938961,0.07419826090335846,0.07428941130638123,0.0477399043738842,0.021253837272524834,0.034620776772499084,0.03793032467365265,0.15432438254356384,0.011637737043201923,0.0425756499171257,0.037694502621889114,0.04017946496605873,0.0704069659113884,0.021492850035429,0.04828920215368271
airplane9-boat1.png,0.1268395185470581,0.027638083323836327,0.053507000207901,0.07180610299110413,0.08532822877168655,0.027115391567349434,0.0341826006770134,0.05666026473045349,0.18201708793640137,0.02215263433754444,0.059873566031455994,0.033141735941171646,0.08123853802680969,0.08770979940891266,0.024258993566036224,0.02653045579791069
airplane9-car2.png,0.15208545327186584,0.03306223452091217,0.052212994545698166,0.08279754966497421,0.1296057403087616,0.042098648846149445,0.039641816169023514,0.061659716069698334,0.09652338922023773,0.01662527583539486,0.056743472814559937,0.03645828366279602,0.05365219712257385,0.09338914602994919,0.02515459433197975,0.02828948386013508
airplane9-clock1.png,0.09778549522161484,0.049633827060461044,0.036926932632923126,0.0521729476749897,0.08857382088899612,0.03009977750480175,0.055119652301073074,0.08030832558870316,0.10393134504556656,0.013829807750880718,0.052666716277599335,0.037163883447647095,0.1237088218331337,0.05497143417596817,0.06953548640012741,0.053571801632642746
airplane9-keyboard2.png,0.15441466867923737,0.019120294600725174,0.088910773396492,0.04941188916563988,0.07397157698869705,0.025950435549020767,0.06653185933828354,0.049226973205804825,0.06495537608861923,0.01280108280479908,0.04079417139291763,0.05583278462290764,0.05006895214319229,0.1509586125612259,0.030470769852399826,0.06657978147268295
airplane9-knife3.png,0.19833146035671234,0.02644437737762928,0.038414616137742996,0.03861869499087334,0.06068366393446922,0.0399295873939991,0.01230511162430048,0.046931397169828415,0.033385906368494034,0.00794531311839819,0.03193575143814087,0.08132912963628769,0.05921719968318939,0.25593116879463196,0.02037883549928665,0.04821779206395149
airplane9-oven2.png,0.20457276701927185,0.014677018858492374,0.03641501069068909,0.022406207397580147,0.050902701914310455,0.022421130910515785,0.04305797442793846,0.026798315346240997,0.14105141162872314,0.008886603638529778,0.027424225583672523,0.021032877266407013,0.033139295876026154,0.10606271773576736,0.14673182368278503,0.09442000091075897
airplane9-truck1.png,0.19159965217113495,0.01284828968346119,0.03002507984638214,0.027282873168587685,0.04833872616291046,0.01750103570520878,0.07650620490312576,0.07500582933425903,0.06825042515993118,0.00953754223883152,0.036132119596004486,0.03640484809875488,0.14332742989063263,0.13285601139068604,0.03298550471663475,0.061398353427648544
bear1-airplane3.png,0.02699730359017849,0.12853024899959564,0.013587446883320808,0.17742778360843658,0.03271406516432762,0.015757886692881584,0.021400857716798782,0.059881485998630524,0.008395681157708168,0.010421868413686752,0.2175266444683075,0.1798596829175949,0.04897736385464668,0.027485137805342674,0.018080780282616615,0.012955776415765285
bear1-bear3.png,0.018633270636200905,0.18931423127651215,0.026800543069839478,0.04489004984498024,0.02891247346997261,0.033242013305425644,0.04222538322210312,0.0781087726354599,0.02334587089717388,0.04156159237027168,0.11437956988811493,0.16816601157188416,0.07489001750946045,0.032204631716012955,0.04830709844827652,0.035018499940633774
bear1-bicycle3.png,0.027422035112977028,0.24428445100784302,0.02910427376627922,0.11095599830150604,0.03607454523444176,0.023135611787438393,0.01903970167040825,0.14938536286354065,0.03571394830942154,0.017280861735343933,0.04221449792385101,0.13415676355361938,0.02262801304459572,0.03397245332598686,0.029124556109309196,0.04550691694021225
bear1-bird2.png,0.04171248897910118,0.12721118330955505,0.03348778560757637,0.09781201183795929,0.028919033706188202,0.015066693536937237,0.02873128466308117,0.18088363111019135,0.032383501529693604,0.016766950488090515,0.08545681834220886,0.12080533802509308,0.0419626422226429,0.02046339213848114,0.04125955328345299,0.08707775175571442
bear1-chair2.png,0.021349506452679634,0.1656246781349182,0.010852515697479248,0.07722610235214233,0.025002092123031616,0.0722179114818573,0.03747788071632385,0.10460975021123886,0.041915036737918854,0.014541595242917538,0.057415153831243515,0.15899434685707092,0.035826027393341064,0.028000976890325546,0.051992665976285934,0.09695367515087128
bear1-clock2.png,0.010780231095850468,0.3152523636817932,0.018972298130393028,0.1251862794160843,0.007511849049478769,0.008969533257186413,0.01096468698233366,0.13141939043998718,0.005908713210374117,0.01748410426080227,0.21370165050029755,0.08274050056934357,0.006091418210417032,0.008175570517778397,0.011330347508192062,0.025511043146252632
bear1-elephant1.png,0.0464964397251606,0.15213224291801453,0.04118351638317108,0.12184429168701172,0.06401774287223816,0.01860198751091957,0.031943876296281815,0.13509012758731842,0.026757512241601944,0.031640853732824326,0.0443168506026268,0.10371381044387817,0.05028020218014717,0.07235076278448105,0.03412041813135147,0.025509322062134743
bear10-bear2.png,0.011813695542514324,0.4661264419555664,0.01376044936478138,0.030841147527098656,0.019751932471990585,0.029496092349290848,0.022690122947096825,0.10542970150709152,0.008149703033268452,0.00425388477742672,0.03387930989265442,0.16918602585792542,0.024250274524092674,0.010685108602046967,0.010453748516738415,0.039232347160577774
bear10-bottle1.png,0.056463565677404404,0.0885298103094101,0.0484500527381897,0.1319977045059204,0.10856940597295761,0.03619649261236191,0.036852847784757614,0.07736768573522568,0.058972254395484924,0.021422289311885834,0.09212289750576019,0.03732958063483238,0.08874969184398651,0.0734197273850441,0.022230705246329308,0.021325306966900826
bear10-car2.png,0.037784937769174576,0.07703197002410889,0.04606067016720772,0.11047323048114777,0.10485876351594925,0.046645864844322205,0.04921764135360718,0.09177850186824799,0.046230483800172806,0.025711286813020706,0.1127871572971344,0.05342584475874901,0.07489033788442612,0.06964358687400818,0.028366953134536743,0.025092750787734985
bear10-cat2.png,0.047556255012750626,0.11636587232351303,0.05459872633218765,0.12999001145362854,0.07591016590595245,0.02850067988038063,0.050515174865722656,0.1395294964313507,0.03272601589560509,0.018032696098089218,0.07630758732557297,0.06976339966058731,0.0605846643447876,0.03833173215389252,0.03449142724275589,0.026796087622642517
bear10-chair2.png,0.12123813480138779,0.03403456509113312,0.026186568662524223,0.07915045320987701,0.1192217618227005,0.052910223603248596,0.019321199506521225,0.04998297244310379,0.05673326924443245,0.011942246928811073,0.09813760966062546,0.02803547866642475,0.09915860742330551,0.09120801836252213,0.08172406256198883,0.03101479634642601
bear10-clock1.png,0.045238349586725235,0.07553567737340927,0.06140803173184395,0.07250314950942993,0.08810421079397202,0.052890121936798096,0.05621630698442459,0.08597290515899658,0.0810101330280304,0.03137458488345146,0.07217229157686234,0.04909592866897583,0.07957686483860016,0.0635964423418045,0.03584644943475723,0.049458570778369904
bear10-elephant1.png,0.06738027185201645,0.10653241723775864,0.038776133209466934,0.15398654341697693,0.07177653163671494,0.027950584888458252,0.025756951421499252,0.1218399778008461,0.025439737364649773,0.02628624252974987,0.07357878237962723,0.07898850739002228,0.06051013991236687,0.06995042413473129,0.02123890072107315,0.030007848516106606
bear10-keyboard3.png,0.12336381524801254,0.027433255687355995,0.034664224833250046,0.04743778705596924,0.0602438747882843,0.038805317133665085,0.1356423795223236,0.048838838934898376,0.04336585849523544,0.009472290053963661,0.05443459749221802,0.032151639461517334,0.0759236142039299,0.1284334510564804,0.054939400404691696,0.08484969288110733
bear10-knife2.png,0.09279260039329529,0.03326628729701042,0.029569843783974648,0.08308583498001099,0.1251540333032608,0.03840789571404457,0.05443954095244408,0.08344961702823639,0.08169638365507126,0.011239135637879372,0.09092143177986145,0.030478980392217636,0.07462351769208908,0.08743614703416824,0.044074419885873795,0.03936436027288437
bear10-oven1.png,0.049951422959566116,0.026340031996369362,0.026843532919883728,0.13002875447273254,0.16310414671897888,0.02290934883058071,0.06077657267451286,0.05660858750343323,0.0972989946603775,0.008728742599487305,0.09748810529708862,0.051829542964696884,0.04030703753232956,0.07263513654470444,0.07175233960151672,0.023397717624902725
bear10-truck1.png,0.06780926138162613,0.027048593387007713,0.029270850121974945,0.09738339483737946,0.12480297684669495,0.08493870496749878,0.04849475994706154,0.07785969972610474,0.0367388017475605,0.01339639164507389,0.06623481959104538,0.0350482277572155,0.1186082661151886,0.1275881975889206,0.01973266899585724,0.02504434622824192
bear2-airplane1.png,0.04301900044083595,0.11911822855472565,0.03067946806550026,0.1448642760515213,0.08765911310911179,0.03723651543259621,0.02881263568997383,0.08832718431949615,0.02531909942626953,0.009154078550636768,0.12680405378341675,0.10513996332883835,0.05079572647809982,0.037846993654966354,0.016168411821126938,0.04905525967478752
bear2-bird3.png,0.007102061994373798,0.38669440150260925,0.011661691591143608,0.03342032432556152,0.00973233487457037,0.013074971735477448,0.011208313517272472,0.02311495691537857,0.00870952196419239,0.004057124722748995,0.38679254055023193,0.07259167730808258,0.005302666686475277,0.004347341135144234,0.006183164194226265,0.016006899997591972
bear2-car2.png,0.04238595813512802,0.07053513079881668,0.02878371998667717,0.12100350856781006,0.1338169425725937,0.05699976906180382,0.03639589622616768,0.10297142714262009,0.0577845498919487,0.01004281360656023,0.12806318700313568,0.05519741028547287,0.08517466485500336,0.03350402042269707,0.019475309178233147,0.01786571368575096
bear2-cat2.png,0.0398048460483551,0.14547878503799438,0.041554372757673264,0.06654392927885056,0.06685511022806168,0.08417628705501556,0.04413402080535889,0.09121696650981903,0.044251348823308945,0.015344390645623207,0.12031126767396927,0.07183551788330078,0.06446912884712219,0.025176523253321648,0.03763221949338913,0.04121531546115875
bear2-dog1.png,0.032544687390327454,0.3280489444732666,0.029380735009908676,0.03977877274155617,0.021819207817316055,0.05072280019521713,0.053256116807460785,0.09608081728219986,0.013979685492813587,0.012651218101382256,0.08679044246673584,0.08956365287303925,0.03062148578464985,0.021100271493196487,0.02257135510444641,0.07108977437019348
bear2-elephant1.png,0.06126799061894417,0.14090730249881744,0.029936088249087334,0.32521069049835205,0.06303008645772934,0.00810554251074791,0.006902152206748724,0.07416316121816635,0.01176840253174305,0.02763950452208519,0.031205087900161743,0.13555166125297546,0.020301273092627525,0.039877165108919144,0.012207633815705776,0.01192634180188179
bear2-keyboard2.png,0.022519759833812714,0.05112016573548317,0.04931499436497688,0.05515171214938164,0.06597524136304855,0.0719284787774086,0.1283852607011795,0.07592739164829254,0.04373830929398537,0.008366734720766544,0.10225179046392441,0.12320449948310852,0.04787271097302437,0.07092978060245514,0.020182393491268158,0.06313079595565796
bear2-knife2.png,0.062557153403759,0.02297372929751873,0.029349900782108307,0.06463940441608429,0.20278869569301605,0.03426054120063782,0.061538245528936386,0.07700104266405106,0.12226911634206772,0.01753600314259529,0.04580333083868027,0.04641542583703995,0.052888497710227966,0.04652446508407593,0.0853235051035881,0.028130950406193733
bear2-oven1.png,0.04348350316286087,0.07932056486606598,0.033672116696834564,0.06662359088659286,0.07356665283441544,0.03728589415550232,0.03699048236012459,0.06691811978816986,0.10506009310483932,0.0068669128231704235,0.08439136296510696,0.198601633310318,0.04062850773334503,0.05478200316429138,0.04345840960741043,0.0283500999212265
bear3-airplane1.png,0.07843749970197678,0.07106480747461319,0.031144727021455765,0.13257372379302979,0.05728187784552574,0.04866642504930496,0.032863058149814606,0.10425879806280136,0.05531328171491623,0.007869930937886238,0.1004268154501915,0.07300704717636108,0.06702964752912521,0.07807230949401855,0.017520425841212273,0.04446960613131523
bear3-bicycle2.png,0.08178363740444183,0.08518095314502716,0.035896945744752884,0.12563031911849976,0.0918048620223999,0.0304276030510664,0.029158946126699448,0.1291484236717224,0.034173134714365005,0.009076569229364395,0.07206816971302032,0.04386433586478233,0.08157236129045486,0.09163903445005417,0.023452091962099075,0.03512255474925041
bear3-bird3.png,0.04244120791554451,0.12488941848278046,0.048957452178001404,0.042926087975502014,0.033802133053541183,0.030168741941452026,0.07947797328233719,0.09835521876811981,0.03868143633008003,0.012131037190556526,0.08674202859401703,0.17679406702518463,0.05097239464521408,0.02198413759469986,0.027959216386079788,0.08371741324663162
bear3-car2.png,0.061031047254800797,0.060625556856393814,0.027690494433045387,0.09638186544179916,0.10070265084505081,0.03667565807700157,0.08707781136035919,0.09061992913484573,0.07088977098464966,0.009823332540690899,0.08061069995164871,0.04724923148751259,0.0976715013384819,0.047795750200748444,0.051681894809007645,0.03347274661064148
bear3-cat1.png,0.017423277720808983,0.2256091684103012,0.05292731150984764,0.03754456341266632,0.019927434623241425,0.03991052135825157,0.027535881847143173,0.2128807157278061,0.012677937746047974,0.03269439935684204,0.0685700848698616,0.08931475877761841,0.04332024231553078,0.012012657709419727,0.02134079858660698,0.08631026744842529
bear3-chair2.png,0.060791511088609695,0.042397838085889816,0.040784548968076706,0.050439104437828064,0.04814181476831436,0.061256714165210724,0.044246066361665726,0.055657122284173965,0.15495820343494415,0.009586529806256294,0.11942266672849655,0.04346591979265213,0.08758335560560226,0.02922162227332592,0.09488847106695175,0.057158540934324265
bear3-dog3.png,0.022439442574977875,0.17429585754871368,0.031382061541080475,0.05829792469739914,0.009101344272494316,0.010429047979414463,0.03795984014868736,0.1540825068950653,0.024829791858792305,0.012506052851676941,0.15820734202861786,0.14004582166671753,0.016855411231517792,0.005343308672308922,0.04485182464122772,0.09937238693237305
bear3-keyboard2.png,0.06873461604118347,0.029430009424686432,0.07587872445583344,0.03606200963258743,0.022060617804527283,0.049952805042266846,0.12040889263153076,0.03594427555799484,0.06354404240846634,0.011969261802732944,0.11492997407913208,0.10212034732103348,0.05371180176734924,0.08431686460971832,0.024379855021834373,0.10655593872070312
bear3-truck3.png,0.06504420191049576,0.09696772694587708,0.03654731437563896,0.0570015013217926,0.03879515081644058,0.040091417729854584,0.09469962865114212,0.05898252874612808,0.10240113735198975,0.01472553052008152,0.06028159335255623,0.09097351133823395,0.04295847564935684,0.011549543589353561,0.09618537127971649,0.09279534965753555
bear4-boat2.png,0.0526282824575901,0.06885501742362976,0.07800126820802689,0.08196833729743958,0.06155472248792648,0.03954802826046944,0.05303700268268585,0.10802484303712845,0.056682322174310684,0.017621980980038643,0.07634288817644119,0.0758015513420105,0.07452188432216644,0.07713332772254944,0.02972744032740593,0.04855106770992279
bear4-car3.png,0.06353653967380524,0.03244803845882416,0.03048161417245865,0.05467335507273674,0.08140827715396881,0.0511755496263504,0.05029881000518799,0.09055706858634949,0.06208255887031555,0.024208828806877136,0.060759495943784714,0.04402569681406021,0.1504080593585968,0.10264915227890015,0.06209185719490051,0.03919507935643196
bear4-cat3.png,0.07583863288164139,0.08711312711238861,0.04817373305559158,0.07279825955629349,0.06347665190696716,0.10133974254131317,0.039207566529512405,0.09411784261465073,0.06651981174945831,0.01739036664366722,0.09901251643896103,0.041254591196775436,0.0395723320543766,0.04975948482751846,0.07367471605539322,0.03075062483549118
bear4-clock3.png,0.04436498135328293,0.09638406336307526,0.0763896033167839,0.08947871625423431,0.031226404011249542,0.040351249277591705,0.026945171877741814,0.16091345250606537,0.04486706852912903,0.031118588522076607,0.07362718135118484,0.12636655569076538,0.03879034146666527,0.04388273134827614,0.021211884915828705,0.05408201366662979
bear4-elephant2.png,0.04929536208510399,0.12289130687713623,0.07083185017108917,0.0663263127207756,0.07646365463733673,0.05326041206717491,0.01902979426085949,0.08828286826610565,0.033699654042720795,0.055982138961553574,0.07813991606235504,0.0726408064365387,0.0709756463766098,0.08019641786813736,0.03763642907142639,0.024347495287656784
bear4-keyboard3.png,0.040310587733983994,0.04170690104365349,0.06184353306889534,0.09864681214094162,0.04981261119246483,0.039574068039655685,0.14711260795593262,0.04925358667969704,0.08392906934022903,0.018966177478432655,0.12611594796180725,0.05658797174692154,0.02924947626888752,0.05068106949329376,0.038118548691272736,0.06809101998806
bear4-knife1.png,0.05709856003522873,0.047499921172857285,0.03852452337741852,0.06778644770383835,0.05567798763513565,0.05034822225570679,0.03151429444551468,0.09654859453439713,0.09503816813230515,0.009133487939834595,0.265505850315094,0.05185415595769882,0.03722504898905754,0.06051696091890335,0.016478905454277992,0.01924889348447323
bear4-oven2.png,0.04713654890656471,0.03985999524593353,0.06734368205070496,0.07060107588768005,0.037195779383182526,0.06089753285050392,0.07939379662275314,0.05431129038333893,0.07538105547428131,0.02400139346718788,0.11034509539604187,0.06267961859703064,0.026556426659226418,0.06815195828676224,0.11402056366205215,0.06212421879172325
bear4-truck3.png,0.05060232803225517,0.0753852054476738,0.0375773124396801,0.06922678649425507,0.05800165235996246,0.06342804431915283,0.11141403019428253,0.04094143211841583,0.0813865214586258,0.02798386849462986,0.12012068927288055,0.05572165176272392,0.04477011039853096,0.02771768905222416,0.07792266458272934,0.05780002474784851
bear5-airplane3.png,0.016819635406136513,0.26233187317848206,0.02139248140156269,0.09429073333740234,0.02264026552438736,0.02099739760160446,0.01183724869042635,0.09529267251491547,0.028782770037651062,0.018075866624712944,0.119126096367836,0.2011452615261078,0.030064813792705536,0.01693107932806015,0.013870691880583763,0.026401108130812645
bear5-bicycle3.png,0.04438221827149391,0.08140893280506134,0.035896532237529755,0.05750829726457596,0.06818464398384094,0.07294203341007233,0.04641856253147125,0.0797300860285759,0.07582508027553558,0.022756777703762054,0.0465409979224205,0.08096162229776382,0.09091684222221375,0.12627246975898743,0.043421827256679535,0.02683304436504841
bear5-bird1.png,0.029106050729751587,0.06472652405500412,0.009539145044982433,0.3130171298980713,0.04453885182738304,0.02519259788095951,0.021012842655181885,0.06769311428070068,0.0146606070920825,0.008005106821656227,0.03458721190690994,0.21666239202022552,0.04142944514751434,0.07677244395017624,0.025723431259393692,0.007333130110055208
bear5-boat2.png,0.05569998174905777,0.1309303194284439,0.05114416405558586,0.09929928928613663,0.07586856186389923,0.03929360210895538,0.04528534784913063,0.07693875581026077,0.017087815329432487,0.04970695823431015,0.07146672904491425,0.07602453976869583,0.07699956744909286,0.035078179091215134,0.043623726814985275,0.05555245280265808
bear5-bottle1.png,0.06256774812936783,0.13999967277050018,0.05589444562792778,0.06662832200527191,0.037331145256757736,0.053673531860113144,0.026084614917635918,0.06837813556194305,0.028625821694731712,0.05476541444659233,0.10689999163150787,0.10421257466077805,0.06506894528865814,0.05367647856473923,0.03251568600535393,0.04367750510573387
bear5-chair1.png,0.02642211504280567,0.07980157434940338,0.04104708135128021,0.037880584597587585,0.05541938915848732,0.06515024602413177,0.05505404993891716,0.11058340221643448,0.05480436980724335,0.036742355674505234,0.0890548974275589,0.06298138201236725,0.1409885436296463,0.07143501192331314,0.04746011272072792,0.025174852460622787
bear5-oven3.png,0.04450138285756111,0.12236157804727554,0.029638923704624176,0.08244159817695618,0.02232620120048523,0.06190571188926697,0.012748613022267818,0.07969758659601212,0.08659899234771729,0.015888750553131104,0.09621285647153854,0.17780327796936035,0.02372273989021778,0.04252079129219055,0.07323315739631653,0.028397878631949425
bear6-bear1.png,0.02741067111492157,0.14093352854251862,0.04527655988931656,0.09111662209033966,0.04167891666293144,0.04284951835870743,0.03426560387015343,0.12305784225463867,0.05774037912487984,0.0224736500531435,0.08736345916986465,0.14531676471233368,0.04044598340988159,0.0411951020359993,0.018947873264551163,0.03992745652794838
bear6-bird2.png,0.05232512578368187,0.04501687362790108,0.05932498723268509,0.1394903063774109,0.05080963671207428,0.03388665243983269,0.051643501967191696,0.10583023726940155,0.05472907796502113,0.016818875446915627,0.07741661369800568,0.11978468298912048,0.0362151563167572,0.02985825203359127,0.0430949330329895,0.08375509083271027
bear6-boat3.png,0.0587652213871479,0.07456553727388382,0.05403432622551918,0.07152159512042999,0.0818936675786972,0.0716262087225914,0.051559507846832275,0.06916400790214539,0.03816010430455208,0.025324460119009018,0.07321493327617645,0.11749155819416046,0.06216386705636978,0.07140194624662399,0.029947027564048767,0.04916596785187721
bear6-bottle3.png,0.03421570360660553,0.0948188453912735,0.033106591552495956,0.08108243346214294,0.039002470672130585,0.14285044372081757,0.03507119417190552,0.07504120469093323,0.043999943882226944,0.014467994682490826,0.04233541339635849,0.15340904891490936,0.07310371100902557,0.08444105088710785,0.01914999634027481,0.03390394151210785
bear6-car2.png,0.055832989513874054,0.11382927000522614,0.022146617993712425,0.15755894780158997,0.06561547517776489,0.029329786077141762,0.04168335348367691,0.10420918464660645,0.015406138263642788,0.018384695053100586,0.0768146887421608,0.05816080793738365,0.11703389137983322,0.08807443827390671,0.016584645956754684,0.0193350650370121
bear6-cat3.png,0.03961675241589546,0.059682607650756836,0.025936540216207504,0.22116129100322723,0.04677417874336243,0.03841644525527954,0.03526422381401062,0.12546297907829285,0.054248563945293427,0.015179085545241833,0.05958534777164459,0.05589374527335167,0.07285624742507935,0.08609083294868469,0.04874473065137863,0.015086486004292965
bear6-chair1.png,0.027352124452590942,0.062206801027059555,0.04912221431732178,0.030516333878040314,0.059296052902936935,0.11697769165039062,0.10044422745704651,0.08075543493032455,0.14340299367904663,0.016870100051164627,0.04660302400588989,0.03536078706383705,0.0644502341747284,0.06511728465557098,0.03758889064192772,0.06393581628799438
bear6-clock1.png,0.07469435036182404,0.12471680343151093,0.0601012222468853,0.10545506328344345,0.04538697749376297,0.04110415279865265,0.04083310440182686,0.16448195278644562,0.037497568875551224,0.026510847732424736,0.05668821185827255,0.08645935356616974,0.030895553529262543,0.05300097167491913,0.02514241263270378,0.027031486853957176
bear7-bear2.png,0.004308339208364487,0.43776407837867737,0.01136026531457901,0.04953191801905632,0.021861709654331207,0.027113905176520348,0.04901501163840294,0.054703984409570694,0.02553977631032467,0.023291638121008873,0.053308602422475815,0.08857187628746033,0.029629794880747795,0.016149455681443214,0.03200088068842888,0.07584871351718903
bear7-bicycle2.png,0.05445611849427223,0.09902341663837433,0.03634847700595856,0.0722997710108757,0.05376045033335686,0.07258729636669159,0.0577310174703598,0.12849323451519012,0.04793960973620415,0.017619092017412186,0.0452001690864563,0.08635193854570389,0.0668015256524086,0.06354039907455444,0.05951256677508354,0.0383349172770977
bear7-clock1.png,0.028851144015789032,0.1329641342163086,0.03378457948565483,0.09792986512184143,0.03374902158975601,0.05018765851855278,0.07800541073083878,0.12694965302944183,0.01761714555323124,0.04612567275762558,0.10796947777271271,0.09530134499073029,0.0363951176404953,0.024214517325162888,0.03534359112381935,0.05461163446307182
bear7-dog3.png,0.0090643847361207,0.19682437181472778,0.013296653516590595,0.07356023043394089,0.038296524435281754,0.05921194329857826,0.03485109657049179,0.22848471999168396,0.020770486444234848,0.04537612199783325,0.1085878387093544,0.03149581328034401,0.06062980368733406,0.027336182072758675,0.028854217380285263,0.023359544575214386
bear7-oven3.png,0.015167810954153538,0.0330231636762619,0.03154754266142845,0.023827746510505676,0.01370225939899683,0.028827331960201263,0.04839253053069115,0.027929706498980522,0.1091170534491539,0.013775065541267395,0.0286400206387043,0.0352446474134922,0.01090764906257391,0.009625626727938652,0.3308732509613037,0.23939858376979828
bear7-truck1.png,0.028346849605441093,0.13597391545772552,0.026170216500759125,0.06387333571910858,0.06958220899105072,0.0763336643576622,0.07027416676282883,0.06992214918136597,0.039676979184150696,0.018681250512599945,0.0437474250793457,0.1088280901312828,0.10585229098796844,0.049670398235321045,0.066762275993824,0.026304814964532852
bear8-airplane1.png,0.02905081957578659,0.15269143879413605,0.017431961372494698,0.1358015090227127,0.04850935563445091,0.038155000656843185,0.018636483699083328,0.21068665385246277,0.018496468663215637,0.012228158302605152,0.048023074865341187,0.14798039197921753,0.054307762533426285,0.030678298324346542,0.019865909591317177,0.017456689849495888
bear8-bear1.png,0.0133231021463871,0.23310966789722443,0.016658108681440353,0.07651669532060623,0.017426004633307457,0.060287926346063614,0.05162723362445831,0.14714157581329346,0.020835967734456062,0.054601944983005524,0.10455921292304993,0.04551560804247856,0.025307301431894302,0.027731213718652725,0.06725583970546722,0.03810257464647293
bear8-bicycle3.png,0.04337386041879654,0.08161880075931549,0.049617744982242584,0.058869995176792145,0.0609152615070343,0.10486385226249695,0.057254813611507416,0.07704266160726547,0.05483458563685417,0.03196117654442787,0.05634083226323128,0.07818315178155899,0.07307553291320801,0.09083491563796997,0.048187993466854095,0.033024851232767105
bear8-boat2.png,0.029926037415862083,0.10700409859418869,0.04686758667230606,0.046498317271471024,0.08982104808092117,0.07281162589788437,0.08856726437807083,0.04762648418545723,0.012390587478876114,0.06347859650850296,0.07147489488124847,0.06124843284487724,0.0618983618915081,0.01460401900112629,0.10593578219413757,0.0798468217253685
bear8-bottle1.png,0.02805878221988678,0.20002609491348267,0.06743426620960236,0.08449605107307434,0.02372368797659874,0.0544336698949337,0.02735629491508007,0.041864994913339615,0.012926360592246056,0.035128869116306305,0.1430385261774063,0.15362416207790375,0.036073025315999985,0.04033100977540016,0.02490045130252838,0.026583731174468994
bear8-dog1.png,0.011169628240168095,0.39093151688575745,0.026985518634319305,0.06930876523256302,0.012571980245411396,0.06867289543151855,0.023852799087762833,0.10158400237560272,0.026416122913360596,0.025056133046746254,0.04461948573589325,0.10982401669025421,0.0178147554397583,0.02962123416364193,0.01912049390375614,0.022450732067227364
bear8-elephant2.png,0.02971815876662731,0.09730587154626846,0.017614776268601418,0.04910047724843025,0.050360675901174545,0.06228569522500038,0.050128720700740814,0.05402850732207298,0.10448449850082397,0.027305496856570244,0.04616850987076759,0.14241454005241394,0.1111939325928688,0.08031491190195084,0.06491466611623764,0.012660556472837925
bear8-knife3.png,0.011239100247621536,0.22388622164726257,0.029255904257297516,0.05157799646258354,0.006674293894320726,0.011421463452279568,0.006477720104157925,0.019384492188692093,0.013059868477284908,0.005600808188319206,0.09363717585802078,0.49900609254837036,0.003032432170584798,0.01103112194687128,0.005551750306040049,0.009163531474769115
bear8-truck3.png,0.02343115396797657,0.102760910987854,0.02442719042301178,0.05942525714635849,0.029161332175135612,0.09872159361839294,0.0754895955324173,0.052980937063694,0.02921953611075878,0.09363801032304764,0.11598136276006699,0.08708066493272781,0.02031603641808033,0.007978669367730618,0.06975126266479492,0.10963645577430725
bear9-boat2.png,0.043125368654727936,0.08622239530086517,0.03992081061005592,0.11489511281251907,0.07685137540102005,0.05860321596264839,0.07309070229530334,0.10604658722877502,0.04532265663146973,0.03462667390704155,0.07236935943365097,0.04848310351371765,0.06235707551240921,0.04539145156741142,0.039522115141153336,0.0531720370054245
bear9-bottle2.png,0.025502057746052742,0.16453740000724792,0.03832392394542694,0.10346932709217072,0.059266746044158936,0.039444394409656525,0.046519599854946136,0.09755627810955048,0.04246596619486809,0.012680226005613804,0.14430084824562073,0.06051488593220711,0.07541756331920624,0.047638535499572754,0.014629256911575794,0.02773294970393181
bear9-dog1.png,0.012794596143066883,0.4533001780509949,0.0371834971010685,0.009152651764452457,0.013925313018262386,0.04467679560184479,0.01971534639596939,0.18818417191505432,0.01698967255651951,0.026006115600466728,0.023326972499489784,0.09190340340137482,0.015081821009516716,0.00850591342896223,0.009847650304436684,0.029405856505036354
bear9-keyboard3.png,0.032252319157123566,0.06599196791648865,0.04938755929470062,0.0605340301990509,0.046542756259441376,0.061365749686956406,0.10942313820123672,0.05271265655755997,0.06773247569799423,0.013076062314212322,0.11391152441501617,0.11602112650871277,0.051134441047906876,0.05550401657819748,0.029941845685243607,0.07446833699941635
bear9-knife2.png,0.06812954694032669,0.03508537635207176,0.03368082642555237,0.0623692087829113,0.15197110176086426,0.04380994662642479,0.06411119550466537,0.06359750777482986,0.09766552597284317,0.01223463099449873,0.05882951244711876,0.049682606011629105,0.08903523534536362,0.10275066643953323,0.030984746292233467,0.0360623300075531
bicycle1-airplane2.png,0.016598276793956757,0.02382926270365715,0.39887532591819763,0.0729600265622139,0.03510477766394615,0.01939866878092289,0.0690200924873352,0.02574397437274456,0.02775610238313675,0.0827227309346199,0.0988217294216156,0.03954319655895233,0.011618069373071194,0.026734087616205215,0.010867699980735779,0.0404059924185276
bicycle1-bear1.png,0.09756728261709213,0.04775724187493324,0.10764507949352264,0.04876403138041496,0.02569175325334072,0.020084690302610397,0.08920098841190338,0.06927241384983063,0.03719661757349968,0.026570791378617287,0.03239390254020691,0.14693669974803925,0.038573890924453735,0.040940191596746445,0.059332191944122314,0.11207231879234314
bicycle1-bicycle3.png,0.09131350368261337,0.027127744629979134,0.13769833743572235,0.05124831944704056,0.03742818161845207,0.051358941942453384,0.04377592355012894,0.07782667875289917,0.14301487803459167,0.02099061757326126,0.03879602998495102,0.04540150985121727,0.06818387657403946,0.08610266447067261,0.02031855285167694,0.05941420793533325
bicycle1-bird1.png,0.04934006556868553,0.07870802283287048,0.07764076441526413,0.12939582765102386,0.07005850225687027,0.0536985881626606,0.04711677506566048,0.08706846833229065,0.03741001337766647,0.019535694271326065,0.051237672567367554,0.09886209666728973,0.03830515593290329,0.08371101319789886,0.023142948746681213,0.05476834625005722
bicycle1-boat3.png,0.055959708988666534,0.026814054697752,0.08962925523519516,0.029867416247725487,0.024278568103909492,0.015040012076497078,0.19791553914546967,0.018893858417868614,0.03562001511454582,0.039038024842739105,0.0490250289440155,0.03499487787485123,0.034721408039331436,0.020856482908129692,0.05635982006788254,0.2709859013557434
bicycle1-bottle3.png,0.0459413155913353,0.01726924069225788,0.4110025465488434,0.05173482000827789,0.017240144312381744,0.02984478883445263,0.03278309106826782,0.05084988847374916,0.08689024299383163,0.054046180099248886,0.04623563587665558,0.044195931404829025,0.01885608583688736,0.0402643159031868,0.007468021009117365,0.04537772759795189
bicycle1-chair1.png,0.04524139314889908,0.019405653700232506,0.1315494328737259,0.02026453986763954,0.02273230254650116,0.02665034495294094,0.3159189820289612,0.02643032930791378,0.04327726364135742,0.03400615230202675,0.05706567317247391,0.046320799738168716,0.037380512803792953,0.04269593209028244,0.0416310615837574,0.08942965418100357
bicycle1-clock3.png,0.014534299261868,0.018947316333651543,0.5525957345962524,0.021116292104125023,0.011459973640739918,0.009973880834877491,0.07259440422058105,0.015297231264412403,0.021039830520749092,0.06757541745901108,0.019233813509345055,0.04457779973745346,0.013738521374762058,0.01529330387711525,0.01386325340718031,0.0881589725613594
bicycle1-dog3.png,0.08658040314912796,0.027868952602148056,0.14633262157440186,0.07423949241638184,0.029047802090644836,0.01785675622522831,0.06253279745578766,0.13640287518501282,0.03791355714201927,0.04498628154397011,0.03177667781710625,0.1143137738108635,0.034676726907491684,0.05229370668530464,0.03310931846499443,0.07006821781396866
bicycle1-elephant2.png,0.07281378656625748,0.0577615387737751,0.09581298381090164,0.06457840651273727,0.07310289889574051,0.04636051878333092,0.017734823748469353,0.10492762923240662,0.04969588667154312,0.03429676964879036,0.045794129371643066,0.0672643631696701,0.07893718779087067,0.10998383909463882,0.03856493905186653,0.042370378971099854
bicycle1-knife3.png,0.06270443648099899,0.019864734262228012,0.15513679385185242,0.0388336218893528,0.03762004151940346,0.056390393525362015,0.035559434443712234,0.038055840879678726,0.13816794753074646,0.02585790492594242,0.09326618909835815,0.08371666073799133,0.030000954866409302,0.10386023670434952,0.03185657411813736,0.04910821467638016
bicycle1-oven1.png,0.06667669117450714,0.01637798361480236,0.2257491648197174,0.033662617206573486,0.025676516816020012,0.01912124641239643,0.10321050137281418,0.04432915151119232,0.09810049831867218,0.021206235513091087,0.05075564607977867,0.09902709722518921,0.04037425294518471,0.04157565161585808,0.057247985154390335,0.056908801198005676
bicycle1-truck1.png,0.06212371960282326,0.019229179248213768,0.1587068885564804,0.025319445878267288,0.02554360032081604,0.015246164985001087,0.20542514324188232,0.048668667674064636,0.05608391761779785,0.03555450960993767,0.04092003405094147,0.06616249680519104,0.04280875623226166,0.04380202665925026,0.0362088568508625,0.11819662898778915
bicycle10-airplane2.png,0.04459770768880844,0.035471055656671524,0.5884748101234436,0.0744020938873291,0.013133997097611427,0.02219395712018013,0.01705864630639553,0.04306699335575104,0.018766086548566818,0.04662743955850601,0.03336096927523613,0.02499617263674736,0.004031146410852671,0.016714582219719887,0.005849795415997505,0.011254584416747093
bicycle10-boat3.png,0.029782913625240326,0.03263699635863304,0.31604498624801636,0.045155033469200134,0.027338946238160133,0.05575547367334366,0.04913944751024246,0.033525530248880386,0.02736755646765232,0.11725162714719772,0.05324432998895645,0.06461574882268906,0.01596422865986824,0.015102079138159752,0.05121269077062607,0.06586245447397232
bicycle10-clock2.png,0.0157917533069849,0.01705637201666832,0.7420745491981506,0.04640232026576996,0.006725774612277746,0.01813264936208725,0.01617899350821972,0.01849786937236786,0.019412579014897346,0.022392665967345238,0.03019780106842518,0.015126711688935757,0.002459537237882614,0.01425577700138092,0.006475019734352827,0.00881971325725317
bicycle10-dog3.png,0.011492655612528324,0.10189015418291092,0.09909935295581818,0.1592111736536026,0.03567241504788399,0.028544744476675987,0.039692748337984085,0.09601769596338272,0.02376680262386799,0.06475986540317535,0.1435261070728302,0.05101357772946358,0.04406999796628952,0.019494540989398956,0.06768880784511566,0.014059329405426979
bicycle10-elephant2.png,0.04307733103632927,0.05147262662649155,0.048386428505182266,0.05635526776313782,0.06221126765012741,0.06764579564332962,0.07448336482048035,0.08139648288488388,0.10370594263076782,0.03875211253762245,0.04261464625597,0.08045998960733414,0.07919507473707199,0.09260644018650055,0.05930783599615097,0.01832946389913559
bicycle2-bicycle1.png,0.10113058239221573,0.06240241229534149,0.05514824762940407,0.0912371426820755,0.05265093222260475,0.04737653583288193,0.032971471548080444,0.10484566539525986,0.10208071023225784,0.01846134290099144,0.061803996562957764,0.0378229022026062,0.057535383850336075,0.10348441451787949,0.01662883348762989,0.054419394582509995
bicycle2-bird3.png,0.14661431312561035,0.026876961812376976,0.12362679094076157,0.0719251036643982,0.013973300345242023,0.020796334370970726,0.06948462128639221,0.07115442305803299,0.043456945568323135,0.01290125958621502,0.07609111815690994,0.07641799002885818,0.05635087192058563,0.08335164189338684,0.016853220760822296,0.09012512862682343
bicycle2-bottle1.png,0.10994895547628403,0.05105127766728401,0.09977623075246811,0.08950162678956985,0.05192720517516136,0.02873223088681698,0.03688789904117584,0.053511667996644974,0.10434893518686295,0.01719355769455433,0.06470604985952377,0.032670192420482635,0.0669185221195221,0.11323674768209457,0.025150887668132782,0.0544380322098732
bicycle2-car2.png,0.05843130126595497,0.050230249762535095,0.03566497564315796,0.07404644787311554,0.0965607762336731,0.042531438171863556,0.09270697087049484,0.07590693235397339,0.11176586896181107,0.020131094381213188,0.08332432806491852,0.03272683918476105,0.07035382837057114,0.08431866019964218,0.04357019439339638,0.027730125933885574
bicycle2-dog1.png,0.08921336382627487,0.07664847373962402,0.06950246542692184,0.05917507782578468,0.05103525519371033,0.047580912709236145,0.06843572854995728,0.10545556247234344,0.03876030445098877,0.018327003344893456,0.0953669622540474,0.08215846121311188,0.043046679347753525,0.05593540146946907,0.032873619347810745,0.0664847195148468
bicycle2-keyboard2.png,0.03127351775765419,0.0200763251632452,0.22884215414524078,0.04375443235039711,0.02868496999144554,0.0858013778924942,0.048631612211465836,0.047238145023584366,0.03109528124332428,0.024821043014526367,0.07316673547029495,0.11848323047161102,0.025187043473124504,0.13608643412590027,0.007002618629485369,0.04985509440302849
bicycle2-knife2.png,0.07558310776948929,0.028402330353856087,0.035541094839572906,0.05136645957827568,0.0847640410065651,0.035576626658439636,0.07772141695022583,0.08783751726150513,0.10451401770114899,0.0102821821346879,0.054387036710977554,0.04032769054174423,0.10785675048828125,0.1023523136973381,0.05356943979859352,0.049917981028556824
bicycle3-bird1.png,0.03366131708025932,0.05868636816740036,0.01922937110066414,0.23429672420024872,0.059329744428396225,0.0602768138051033,0.061689089983701706,0.05670860782265663,0.02536260336637497,0.011989254504442215,0.05714679881930351,0.07808023691177368,0.07726334035396576,0.10307475179433823,0.04088636860251427,0.022318588569760323
bicycle3-elephant2.png,0.046367667615413666,0.04286199063062668,0.03364415466785431,0.0554286353290081,0.07420458644628525,0.0819183886051178,0.0618446059525013,0.08695733547210693,0.10052664577960968,0.02423061430454254,0.04340752214193344,0.08080828189849854,0.10711707174777985,0.08796309679746628,0.055668845772743225,0.017050601541996002
bicycle3-keyboard1.png,0.061937231570482254,0.06005065515637398,0.18251514434814453,0.11335785686969757,0.02443624660372734,0.039859313517808914,0.036812908947467804,0.07929416000843048,0.04974846541881561,0.04630280286073685,0.049583446234464645,0.1058802381157875,0.01758076436817646,0.06898070871829987,0.0305472481995821,0.033112846314907074
bicycle3-oven3.png,0.02133379504084587,0.029837703332304955,0.10586980730295181,0.04039156436920166,0.027057917788624763,0.031236829236149788,0.07222392410039902,0.0423831082880497,0.11949757486581802,0.02440153807401657,0.0750637874007225,0.022634588181972504,0.017008468508720398,0.015998249873518944,0.20973749458789825,0.14532366394996643
bicycle3-truck3.png,0.03924010694026947,0.06059815734624863,0.05243343114852905,0.07653746753931046,0.022998441010713577,0.03921923413872719,0.13687877357006073,0.060546595603227615,0.059072233736515045,0.027912434190511703,0.06879377365112305,0.03209458291530609,0.02081756852567196,0.011623059399425983,0.13068489730358124,0.16054926812648773
bicycle4-airplane1.png,0.030834972858428955,0.012634809128940105,0.5804136395454407,0.03309080749750137,0.023456119000911713,0.004213069565594196,0.028074340894818306,0.011636728420853615,0.03453608974814415,0.12282383441925049,0.018634332343935966,0.027987061068415642,0.009339048527181149,0.01686391420662403,0.008687153458595276,0.03677404671907425
bicycle4-bicycle3.png,0.08605054020881653,0.028734685853123665,0.15884456038475037,0.07611076533794403,0.0405389741063118,0.04331197962164879,0.03829595074057579,0.08461588621139526,0.09686756134033203,0.02234806679189205,0.04533024877309799,0.0632299929857254,0.09203451126813889,0.06250900030136108,0.021832972764968872,0.039344292134046555
bicycle4-boat1.png,0.03565363213419914,0.03212582319974899,0.33717280626296997,0.05243860185146332,0.08471021801233292,0.01413722150027752,0.12907613813877106,0.027210839092731476,0.04701273888349533,0.05979339778423309,0.059072330594062805,0.02988605946302414,0.026555728167295456,0.018845118582248688,0.011475293897092342,0.03483406454324722
bicycle4-bottle1.png,0.08557846397161484,0.03015340492129326,0.32781335711479187,0.061142515391111374,0.02025582268834114,0.011471254751086235,0.050146106630563736,0.04926706477999687,0.09290697425603867,0.03294167295098305,0.04038848355412483,0.05104989930987358,0.04222488775849342,0.038710761815309525,0.017270002514123917,0.04867926239967346
bicycle4-car2.png,0.018382975831627846,0.022908220067620277,0.5150577425956726,0.05110465735197067,0.05261289328336716,0.011097906157374382,0.058033086359500885,0.024727821350097656,0.06788028031587601,0.02213027887046337,0.044159915298223495,0.03768622502684593,0.02108004316687584,0.015569329261779785,0.010527048259973526,0.02704158052802086
bicycle4-cat1.png,0.1216864362359047,0.024724941700696945,0.23391956090927124,0.054738882929086685,0.01855202578008175,0.026819782331585884,0.04334104061126709,0.1079205647110939,0.04902971163392067,0.04587621986865997,0.03360310569405556,0.12422735244035721,0.029158012941479683,0.026909034699201584,0.026433128863573074,0.03306012228131294
bicycle4-chair2.png,0.17374956607818604,0.014502318575978279,0.15959309041500092,0.05093112960457802,0.03462647274136543,0.011154643259942532,0.04710119962692261,0.03472049906849861,0.18393635749816895,0.01811198703944683,0.03717884048819542,0.033222176134586334,0.04552675038576126,0.036593202501535416,0.048136450350284576,0.07091530412435532
bicycle4-clock3.png,0.012781698256731033,0.009916690178215504,0.6669030785560608,0.01793099194765091,0.006186685059219599,0.0048117912374436855,0.05919476971030235,0.00924578309059143,0.013334481976926327,0.06640461832284927,0.010221268981695175,0.053376227617263794,0.009170511737465858,0.012782738544046879,0.005802420899271965,0.04193617403507233
bicycle4-keyboard3.png,0.04530208185315132,0.03149864077568054,0.12624764442443848,0.09377428889274597,0.05807942897081375,0.03975711762905121,0.14080844819545746,0.06470552086830139,0.04479287192225456,0.01815335638821125,0.1196807250380516,0.05967738479375839,0.02637491561472416,0.08103971183300018,0.01254960522055626,0.037558186799287796
bicycle4-knife3.png,0.11267360299825668,0.019840022549033165,0.17176972329616547,0.1295628547668457,0.049546342343091965,0.024554627016186714,0.047264665365219116,0.04586539790034294,0.06329710781574249,0.020245026797056198,0.07321257889270782,0.08356253057718277,0.024368315935134888,0.08248932659626007,0.023537002503871918,0.028210878372192383
bicycle4-oven3.png,0.07591107487678528,0.047106195241212845,0.15164817869663239,0.03391252085566521,0.0381338894367218,0.012727008201181889,0.09087780863046646,0.02540638856589794,0.1289691925048828,0.027647757902741432,0.05007205531001091,0.10309939086437225,0.03106401301920414,0.01671040616929531,0.05473573878407478,0.11197838187217712
bicycle4-truck3.png,0.054365091025829315,0.04883729666471481,0.19709360599517822,0.08035093545913696,0.030804716050624847,0.012218303978443146,0.1232963278889656,0.046489421278238297,0.08030004799365997,0.042425017803907394,0.0766119435429573,0.06558661162853241,0.02182319015264511,0.014720556326210499,0.02851003035902977,0.07656697928905487
bicycle5-bear1.png,0.03462566062808037,0.07761130481958389,0.1644727885723114,0.05779573321342468,0.03547517582774162,0.038979314267635345,0.04223256558179855,0.07316187769174576,0.13461247086524963,0.03994797542691231,0.048690710216760635,0.06459596753120422,0.04222143068909645,0.05648946762084961,0.04405537620186806,0.045032188296318054
bicycle5-bottle3.png,0.06866853684186935,0.033109162002801895,0.41872966289520264,0.04530782252550125,0.032667115330696106,0.04708666354417801,0.030693182721734047,0.037828341126441956,0.048153504729270935,0.04053149372339249,0.031721487641334534,0.0440729483962059,0.015420885756611824,0.07023221999406815,0.011012132279574871,0.024764852598309517
bicycle5-car3.png,0.06418172270059586,0.044055964797735214,0.10997622460126877,0.08126861602067947,0.07693412154912949,0.042094238102436066,0.07904309034347534,0.0694737359881401,0.03857084736227989,0.0666482225060463,0.06967686861753464,0.053617265075445175,0.04357384517788887,0.07922731339931488,0.04179488494992256,0.03986308351159096
bicycle5-cat1.png,0.0577106773853302,0.04220668226480484,0.27981138229370117,0.03735857829451561,0.04694041982293129,0.057863280177116394,0.03384936973452568,0.060262881219387054,0.10089483857154846,0.06234525144100189,0.037739500403404236,0.05002446845173836,0.03803557902574539,0.03647878021001816,0.03429463133215904,0.024183660745620728
bicycle5-chair2.png,0.05414491146802902,0.0360037162899971,0.32169294357299805,0.02813863195478916,0.044147539883852005,0.035343751311302185,0.05207321420311928,0.04820064827799797,0.18731904029846191,0.04102636128664017,0.03657038137316704,0.01056099496781826,0.012810707092285156,0.033941514790058136,0.027378888800740242,0.030646705999970436
bicycle5-dog2.png,0.05804743245244026,0.033848732709884644,0.07138600945472717,0.05105157196521759,0.08146536350250244,0.11988402158021927,0.04489225149154663,0.07446988672018051,0.16781507432460785,0.03421955183148384,0.04124351963400841,0.05071111023426056,0.06562922149896622,0.04349902272224426,0.04596998542547226,0.015867188572883606
bicycle5-elephant1.png,0.052070502191782,0.055204231292009354,0.04610350355505943,0.07203648239374161,0.07084985822439194,0.05050545930862427,0.0576084665954113,0.09424629807472229,0.08628269284963608,0.03619512543082237,0.05145813524723053,0.07162788510322571,0.08139296621084213,0.09984054416418076,0.04875446856021881,0.025823360309004784
bicycle5-keyboard3.png,0.038088176399469376,0.06972238421440125,0.05520990490913391,0.1151149570941925,0.033500730991363525,0.07460149377584457,0.0705285295844078,0.10761972516775131,0.04417756199836731,0.04168480262160301,0.13939455151557922,0.041784707456827164,0.025785034522414207,0.10075311362743378,0.017102422192692757,0.024931935593485832
bicycle5-oven3.png,0.07290884107351303,0.04965101554989815,0.07976530492305756,0.09109164774417877,0.04475555941462517,0.035371292382478714,0.024185430258512497,0.06124274805188179,0.1735355108976364,0.014750131405889988,0.05621148645877838,0.02963842637836933,0.010115277022123337,0.03351053595542908,0.17669108510017395,0.04657570272684097
bicycle6-airplane2.png,0.3554003834724426,0.05246880277991295,0.07151354104280472,0.0968642383813858,0.056825391948223114,0.01593090407550335,0.04474448785185814,0.05733600631356239,0.025026869028806686,0.01431283913552761,0.026637911796569824,0.028994198888540268,0.0538424476981163,0.0696215033531189,0.01727123372256756,0.013209175318479538
bicycle6-bicycle3.png,0.05887461453676224,0.04837745800614357,0.05585242062807083,0.047304101288318634,0.09660805761814117,0.09316828101873398,0.07377951592206955,0.0665622279047966,0.09725233167409897,0.026137443259358406,0.05707197263836861,0.042208924889564514,0.05254794657230377,0.07851847261190414,0.04356108233332634,0.06217515468597412
bicycle6-boat2.png,0.07469860464334488,0.06467462331056595,0.2777394950389862,0.047797705978155136,0.04716438427567482,0.02241196483373642,0.043356072157621384,0.03331500291824341,0.027055397629737854,0.04988127201795578,0.10660039633512497,0.03400709107518196,0.02033502422273159,0.02133871428668499,0.03900178149342537,0.09062247723340988
bicycle6-car2.png,0.10205759108066559,0.0931912288069725,0.05917035788297653,0.159845769405365,0.07053904980421066,0.047788139432668686,0.03851468488574028,0.06989803165197372,0.021533699706196785,0.027727628126740456,0.10594412684440613,0.06348472833633423,0.04269368574023247,0.061174795031547546,0.02186587080359459,0.014570600353181362
bicycle6-cat1.png,0.12486874312162399,0.11368218064308167,0.07113499939441681,0.08477485924959183,0.035295020788908005,0.056367773562669754,0.023975318297743797,0.12183298915624619,0.06490181386470795,0.02540661208331585,0.08453012257814407,0.07074069231748581,0.02413538098335266,0.050576142966747284,0.022716384381055832,0.025061000138521194
bicycle6-dog2.png,0.09256061166524887,0.03937927633523941,0.09180037677288055,0.06284409016370773,0.0465826578438282,0.11689850687980652,0.04096751660108566,0.06353911757469177,0.12793318927288055,0.04346316680312157,0.055478937923908234,0.04954102262854576,0.045345500111579895,0.07124496251344681,0.03010299615561962,0.022318093106150627
bicycle7-bear2.png,0.061101384460926056,0.029375607147812843,0.22085754573345184,0.05549219250679016,0.04762028157711029,0.029768051579594612,0.06177399307489395,0.031218288466334343,0.08776696771383286,0.03911036252975464,0.055920254439115524,0.04238158464431763,0.10326170176267624,0.02860257402062416,0.07116951793432236,0.03457971662282944
bicycle7-bicycle2.png,0.062085606157779694,0.02607758343219757,0.44696199893951416,0.05893239006400108,0.03607795387506485,0.022468816488981247,0.04363056272268295,0.037327006459236145,0.0409550815820694,0.016352377831935883,0.04045844078063965,0.04350316524505615,0.014940575696527958,0.03339629992842674,0.04393841698765755,0.03289366513490677
bicycle7-cat1.png,0.05067112669348717,0.04729808494448662,0.12956126034259796,0.090384341776371,0.0862811952829361,0.02618171088397503,0.056013233959674835,0.09227602928876877,0.06549852341413498,0.01829598844051361,0.07980718463659286,0.07175397127866745,0.06530174612998962,0.030729860067367554,0.044027458876371384,0.04591836407780647
bicycle7-clock3.png,0.0133584626019001,0.01056361012160778,0.747927188873291,0.013166368007659912,0.01469209510833025,0.009046601131558418,0.03038553148508072,0.01809881627559662,0.024994008243083954,0.03802651911973953,0.01548280380666256,0.01308646984398365,0.006356607656925917,0.004083017818629742,0.021484795957803726,0.019247030839323997
bicycle7-elephant2.png,0.07976450771093369,0.034696292132139206,0.06713654100894928,0.03283408284187317,0.09361923485994339,0.0541650764644146,0.061360493302345276,0.06313949823379517,0.11495331674814224,0.02471155673265457,0.03625930845737457,0.04956365376710892,0.07575422525405884,0.12364053726196289,0.07095404714345932,0.017447616904973984
bicycle7-knife2.png,0.05336370691657066,0.029917480424046516,0.23067839443683624,0.047369569540023804,0.11309453845024109,0.023610953241586685,0.1356949657201767,0.06608672440052032,0.026187490671873093,0.03638540580868721,0.0132820513099432,0.024348292499780655,0.040694598108530045,0.02112635225057602,0.08187813311815262,0.056281380355358124
bicycle7-oven1.png,0.04265341907739639,0.02072046510875225,0.5571365356445312,0.014987182803452015,0.04356556013226509,0.017431631684303284,0.03637931868433952,0.031441062688827515,0.07590220123529434,0.031391169875860214,0.017534572631120682,0.015127304941415787,0.015445007011294365,0.02129320427775383,0.044440776109695435,0.0145505266264081
bicycle7-truck3.png,0.0383046492934227,0.02710222825407982,0.48288992047309875,0.02207791805267334,0.024337714537978172,0.04985757917165756,0.0459417887032032,0.02848043292760849,0.04063596948981285,0.09048972278833389,0.025871023535728455,0.011278172954916954,0.022191332653164864,0.010318598710000515,0.06579761952161789,0.014425374567508698
bicycle8-bear2.png,0.02437497116625309,0.020785681903362274,0.4564514458179474,0.02598002925515175,0.011952579021453857,0.01114620454609394,0.05498044937849045,0.02778308093547821,0.01401774026453495,0.05955912172794342,0.017059706151485443,0.16295307874679565,0.02011769264936447,0.022586913779377937,0.009745057672262192,0.060506243258714676
bicycle8-bird2.png,0.015839427709579468,0.010430396534502506,0.7138457894325256,0.019633708521723747,0.005901332013309002,0.007544439751654863,0.017407501116394997,0.018672825768589973,0.015804128721356392,0.06015779450535774,0.01887628436088562,0.04133076220750809,0.008010964840650558,0.022655775770545006,0.001358760055154562,0.022530091926455498
bicycle8-boat1.png,0.03691615164279938,0.02488507330417633,0.4588564336299896,0.054027944803237915,0.04408702999353409,0.020429005846381187,0.04135192930698395,0.027355991303920746,0.053162019699811935,0.037495631724596024,0.05926123633980751,0.04419717937707901,0.02104535698890686,0.04581953585147858,0.004945590626448393,0.02616393193602562
bicycle8-chair2.png,0.09613103419542313,0.02535090409219265,0.28353723883628845,0.026812909170985222,0.028694482520222664,0.021109897643327713,0.035360805690288544,0.045924339443445206,0.10869238525629044,0.01924770139157772,0.0569809190928936,0.057924751192331314,0.036249417811632156,0.036568209528923035,0.03093761019408703,0.09047744423151016
bicycle8-clock3.png,0.008275408297777176,0.018243657425045967,0.6449417471885681,0.020383179187774658,0.006870558951050043,0.008999754674732685,0.05496375262737274,0.015955310314893723,0.011935260146856308,0.07454515248537064,0.02440333180129528,0.05439503863453865,0.009614360518753529,0.01257014088332653,0.004745461978018284,0.029157940298318863
bicycle8-truck1.png,0.029778284952044487,0.0227702334523201,0.36857616901397705,0.03184022754430771,0.017311181873083115,0.02631657011806965,0.13499537110328674,0.03129880130290985,0.035499848425388336,0.039415933191776276,0.0610121414065361,0.08196169883012772,0.02153928391635418,0.02448291890323162,0.010306370444595814,0.06289494782686234
bicycle9-airplane2.png,0.011720719747245312,0.013889533467590809,0.5019364356994629,0.02922677807509899,0.023233477026224136,0.006982268299907446,0.09197533875703812,0.013969527557492256,0.0702429786324501,0.06326684355735779,0.06836093962192535,0.027051208540797234,0.009472637437283993,0.01090336311608553,0.007860008627176285,0.049907881766557693
bicycle9-bear1.png,0.11594007164239883,0.026126578450202942,0.15102268755435944,0.05281531438231468,0.04797718673944473,0.025802139192819595,0.084583580493927,0.08321603387594223,0.05037505552172661,0.026667190715670586,0.036379698663949966,0.08690150082111359,0.041777610778808594,0.049482911825180054,0.04743867740035057,0.07349375635385513
bicycle9-bird3.png,0.015730630606412888,0.007929469458758831,0.6260385513305664,0.019628169015049934,0.009240045212209225,0.0046591074205935,0.058167826384305954,0.016529187560081482,0.022851290181279182,0.09864059835672379,0.03268708288669586,0.01879061572253704,0.013432207517325878,0.017099671065807343,0.009555310010910034,0.029020188376307487
bicycle9-bottle1.png,0.0359351672232151,0.0225563645362854,0.5681962370872498,0.032310131937265396,0.03302253410220146,0.007510797120630741,0.025267863646149635,0.017430009320378304,0.08036001771688461,0.022004224359989166,0.04345454275608063,0.02668560855090618,0.01938028447329998,0.017245545983314514,0.006711573339998722,0.04192909970879555
bicycle9-car1.png,0.0511244460940361,0.064115010201931,0.12337590008974075,0.09238385409116745,0.0642305389046669,0.03862590715289116,0.07501716911792755,0.04712255671620369,0.08622417598962784,0.04925026744604111,0.07099055498838425,0.034849755465984344,0.05470443516969681,0.08103305846452713,0.021051067858934402,0.04590120166540146
bicycle9-cat3.png,0.05539417639374733,0.07511566579341888,0.07738228142261505,0.07009509205818176,0.12494193762540817,0.06260582059621811,0.02280004695057869,0.14774714410305023,0.032010652124881744,0.03303131088614464,0.050903040915727615,0.049998991191387177,0.024896906688809395,0.05629398301243782,0.08226602524518967,0.03451685234904289
bicycle9-chair1.png,0.029773782938718796,0.03939317166805267,0.147696390748024,0.03346876800060272,0.04727938398718834,0.02812400832772255,0.2007705718278885,0.038852348923683167,0.06442935019731522,0.030878979712724686,0.11050403863191605,0.04363926127552986,0.0229316595941782,0.0382789708673954,0.021323440596461296,0.10265585035085678
bicycle9-keyboard3.png,0.06933994591236115,0.018622076138854027,0.0821181908249855,0.0505157895386219,0.09919886291027069,0.0404692143201828,0.19191640615463257,0.07006322592496872,0.04967479035258293,0.017069846391677856,0.05862889066338539,0.049893952906131744,0.034675974398851395,0.09735656529664993,0.019577529281377792,0.05087874457240105
bicycle9-knife3.png,0.07614177465438843,0.013766120187938213,0.14002111554145813,0.035118188709020615,0.03048769012093544,0.10234615951776505,0.044079720973968506,0.03124224953353405,0.11875277012586594,0.03620026260614395,0.08934774249792099,0.09757339954376221,0.021545235067605972,0.10491857677698135,0.017710963264107704,0.04074801132082939
bird1-airplane2.png,0.06730662286281586,0.08878237009048462,0.04420939460396767,0.1645682454109192,0.07530267536640167,0.05396005138754845,0.054056670516729355,0.10083544999361038,0.015486013144254684,0.037823889404535294,0.07578147947788239,0.0474630631506443,0.03530491515994072,0.07958638668060303,0.04626315087080002,0.013269620947539806
bird1-bear1.png,0.020936213433742523,0.12139611691236496,0.031400009989738464,0.13090410828590393,0.0290386900305748,0.04398149996995926,0.05516722798347473,0.0866604819893837,0.03536667302250862,0.0777772068977356,0.11447197943925858,0.06356726586818695,0.030858788639307022,0.0665530189871788,0.05981607735157013,0.03210464492440224
bird1-bicycle2.png,0.08343008905649185,0.08298283815383911,0.03630940243601799,0.14493440091609955,0.046133801341056824,0.032366130501031876,0.0514242984354496,0.08717574179172516,0.019810860976576805,0.02966635674238205,0.06849416345357895,0.056513115763664246,0.054311834275722504,0.13040462136268616,0.034364454448223114,0.041677869856357574
bird1-boat1.png,0.1044771745800972,0.059025924652814865,0.03935849294066429,0.12773726880550385,0.10408303886651993,0.038091469556093216,0.0784381702542305,0.05019092559814453,0.01115372683852911,0.046503640711307526,0.0840730294585228,0.034144554287195206,0.05385303869843483,0.10375113040208817,0.03971746191382408,0.025400925427675247
bird1-chair2.png,0.053121015429496765,0.05669771879911423,0.03923424333333969,0.0717359408736229,0.04975473880767822,0.13477620482444763,0.04570648446679115,0.0712679773569107,0.08916665613651276,0.07214926928281784,0.09076175838708878,0.05067683011293411,0.03135291859507561,0.07343293726444244,0.0495854876935482,0.02057979814708233
bird1-clock3.png,0.04734393581748009,0.07862192392349243,0.11277705430984497,0.13314421474933624,0.033299535512924194,0.0422397255897522,0.05588823929429054,0.13535232841968536,0.026791498064994812,0.0728042796254158,0.0608091801404953,0.07671156525611877,0.014348049648106098,0.037217240780591965,0.028877481818199158,0.04377371072769165
bird1-elephant2.png,0.027450667694211006,0.16526424884796143,0.02960413321852684,0.0830153152346611,0.033784329891204834,0.04707731306552887,0.038077324628829956,0.10637666285037994,0.029155662283301353,0.07325467467308044,0.0681147649884224,0.12478996813297272,0.03728713467717171,0.091290682554245,0.03448209539055824,0.010975117795169353
bird1-keyboard3.png,0.02271069958806038,0.049934159964323044,0.0553731769323349,0.09122424572706223,0.04307999461889267,0.07035963237285614,0.09886302798986435,0.07752880454063416,0.04361836984753609,0.06779859215021133,0.07237967848777771,0.025510838255286217,0.026269761845469475,0.10672418028116226,0.1255713552236557,0.023053476586937904
bird1-knife3.png,0.03259993717074394,0.0463111586868763,0.044907402247190475,0.0778660848736763,0.032136645168066025,0.028206774964928627,0.028854984790086746,0.04543616250157356,0.03579271584749222,0.04974775016307831,0.42164018750190735,0.056647878140211105,0.021331405267119408,0.025567885488271713,0.04206078127026558,0.010892270132899284
bird1-oven1.png,0.05709964781999588,0.07944690436124802,0.03171622008085251,0.1675964593887329,0.07457457482814789,0.046202968806028366,0.049235161393880844,0.08518430590629578,0.039563119411468506,0.03200935572385788,0.062227725982666016,0.044132571667432785,0.06199663132429123,0.07918480038642883,0.07485435158014297,0.014975165016949177
bird1-truck1.png,0.07117221504449844,0.09720779210329056,0.032971352338790894,0.05951526761054993,0.13172878324985504,0.045033957809209824,0.07748018950223923,0.07048007845878601,0.029399467632174492,0.021891392767429352,0.06277681142091751,0.10548804700374603,0.04567980021238327,0.087420754134655,0.04247936233878136,0.019274750724434853
bird10-bear2.png,0.02876235917210579,0.13200868666172028,0.051296401768922806,0.22585932910442352,0.05709310993552208,0.01929282397031784,0.08224866539239883,0.06552823632955551,0.012680753134191036,0.028649168089032173,0.05722606182098389,0.12094338983297348,0.026132576167583466,0.025005271658301353,0.025038613006472588,0.042234551161527634
bird10-bicycle1.png,0.061742786318063736,0.06686117500066757,0.05220366641879082,0.12688550353050232,0.08457286655902863,0.04628736153244972,0.04180637747049332,0.08287407457828522,0.04382344335317612,0.019828615710139275,0.08348690718412399,0.027954306453466415,0.0675620511174202,0.1486579328775406,0.009422887116670609,0.03603007644414902
bird10-bird2.png,0.07261167466640472,0.06027374044060707,0.053241077810525894,0.3271969258785248,0.045781202614307404,0.01982412114739418,0.024510718882083893,0.0537760891020298,0.03194620460271835,0.0166153684258461,0.09147511422634125,0.056296806782484055,0.021462365984916687,0.09360604733228683,0.006692192982882261,0.024690404534339905
bird10-cat1.png,0.07367745041847229,0.029548337683081627,0.03574023395776749,0.14729388058185577,0.09142076224088669,0.05645298957824707,0.03809106722474098,0.0978064313530922,0.04695139825344086,0.01600380428135395,0.1712161749601364,0.0481492355465889,0.019782189279794693,0.0949646458029747,0.018536245450377464,0.014365185052156448
bird10-chair1.png,0.045207343995571136,0.05588611960411072,0.02652687020599842,0.05480796471238136,0.15530550479888916,0.08794494718313217,0.08124136924743652,0.041271504014730453,0.07978770136833191,0.012799093499779701,0.12245103716850281,0.07430724054574966,0.04423423111438751,0.059166621416807175,0.020902639254927635,0.03815978392958641
bird10-clock1.png,0.031237097457051277,0.032237458974123,0.12836234271526337,0.2931179404258728,0.07567182928323746,0.02868688851594925,0.0517304353415966,0.02424117922782898,0.026529114693403244,0.026920942589640617,0.12440349906682968,0.02375785820186138,0.016628477722406387,0.0980403944849968,0.0040076663717627525,0.014426881447434425
bird10-elephant2.png,0.05217601731419563,0.08927042782306671,0.0903291404247284,0.0653495043516159,0.09276862442493439,0.057680755853652954,0.022848473861813545,0.07859382778406143,0.04384487867355347,0.049989961087703705,0.0652347132563591,0.07251358032226562,0.06378170102834702,0.09865190088748932,0.028555573895573616,0.02841089479625225
bird2-airplane3.png,0.05842310190200806,0.0741477981209755,0.026001879945397377,0.09509802609682083,0.0515940822660923,0.05344252660870552,0.04788839817047119,0.11942055076360703,0.0581853985786438,0.008023080416023731,0.11613579839468002,0.08988375216722488,0.08919871598482132,0.04624519869685173,0.02262287773191929,0.043688852339982986
bird2-bird2.png,0.07684311270713806,0.10356455296278,0.03487059846520424,0.07784142345190048,0.07369151711463928,0.07531436532735825,0.059673383831977844,0.09747388958930969,0.05040324851870537,0.008012940175831318,0.04155076667666435,0.0812148004770279,0.0777665376663208,0.04756160452961922,0.037481557577848434,0.05673576891422272
bird2-car3.png,0.03768515586853027,0.07563725858926773,0.020618893206119537,0.12720973789691925,0.08515465259552002,0.057934559881687164,0.034640707075595856,0.12653234601020813,0.03905315697193146,0.014296137727797031,0.06668706238269806,0.05141313001513481,0.1442059874534607,0.04682541638612747,0.04452955722808838,0.02757631056010723
bird2-clock3.png,0.031831979751586914,0.10793054848909378,0.06130072847008705,0.08381392061710358,0.04767722263932228,0.07056541740894318,0.051236145198345184,0.10811670124530792,0.05896568298339844,0.017781220376491547,0.06542965769767761,0.13259339332580566,0.04920211061835289,0.026563409715890884,0.017701268196105957,0.06929060816764832
bird2-dog2.png,0.0347231887280941,0.09481236338615417,0.05813463777303696,0.08066751807928085,0.10873574018478394,0.16758853197097778,0.03277909383177757,0.06085851415991783,0.062085799872875214,0.01958438754081726,0.07332394272089005,0.09577132761478424,0.02942030504345894,0.027933336794376373,0.030580023303627968,0.023001279681921005
bird2-knife1.png,0.039745330810546875,0.06576701253652573,0.09075310826301575,0.052843570709228516,0.051198072731494904,0.08747930079698563,0.05310923233628273,0.0477033369243145,0.11832521110773087,0.012101533822715282,0.10505031049251556,0.10735435038805008,0.047788482159376144,0.06626065075397491,0.022933291271328926,0.031587228178977966
bird3-bear3.png,0.043441515415906906,0.1848733127117157,0.03914811462163925,0.10250496119260788,0.09227483719587326,0.05302836373448372,0.056905899196863174,0.0519997738301754,0.015419558621942997,0.026293344795703888,0.10346115380525589,0.06857764720916748,0.04034667834639549,0.06652764230966568,0.020913956686854362,0.034283239394426346
bird3-bird2.png,0.07722721993923187,0.11852602660655975,0.04716382175683975,0.13387392461299896,0.07339756190776825,0.045077133923769,0.029014799743890762,0.10151473432779312,0.03491535037755966,0.022132815793156624,0.04376278817653656,0.08055834472179413,0.04495038837194443,0.09138956665992737,0.01998516172170639,0.03651038929820061
bird3-boat3.png,0.0764620378613472,0.04630511626601219,0.02621600404381752,0.07722586393356323,0.14878468215465546,0.0781521424651146,0.0852983146905899,0.05631927400827408,0.03839988261461258,0.021198464557528496,0.05795707553625107,0.0335717536509037,0.059847988188266754,0.11769323796033859,0.025011705234646797,0.05155645310878754
bird3-bottle2.png,0.04924218729138374,0.07120955735445023,0.049834903329610825,0.09491781145334244,0.11869877576828003,0.0604708194732666,0.04697515070438385,0.06879865378141403,0.04475997015833855,0.01980600506067276,0.10936127603054047,0.04616706818342209,0.04922636225819588,0.1276622712612152,0.01656031794846058,0.026308901607990265
bird3-cat1.png,0.06195575371384621,0.07889140397310257,0.05335094779729843,0.10873091965913773,0.059204742312431335,0.0975537970662117,0.033772412687540054,0.12823818624019623,0.032779842615127563,0.02261238358914852,0.06876429915428162,0.04789985343813896,0.0460832342505455,0.08342014998197556,0.025638574734330177,0.05110352858901024
bird3-dog1.png,0.056460533291101456,0.09947026520967484,0.047409508377313614,0.09883158653974533,0.08601205796003342,0.1211339607834816,0.03604001924395561,0.08839574456214905,0.029699476435780525,0.020942891016602516,0.08258343487977982,0.06675133854150772,0.034561626613140106,0.07621422410011292,0.02149893157184124,0.03399433195590973
bird3-knife3.png,0.040017761290073395,0.04735095798969269,0.14314159750938416,0.056937940418720245,0.04595917835831642,0.10374485701322556,0.024733679369091988,0.033546917140483856,0.05896803364157677,0.02415960095822811,0.10138385742902756,0.1470034271478653,0.018057068809866905,0.08168116956949234,0.030060630291700363,0.04325331747531891
bird3-oven1.png,0.10610577464103699,0.02497461996972561,0.025798136368393898,0.058701202273368835,0.0736570805311203,0.03708147630095482,0.040262892842292786,0.06630644202232361,0.14504393935203552,0.007777495309710503,0.04679602384567261,0.06321541219949722,0.048074401915073395,0.060422081500291824,0.15955482423305511,0.03622812405228615
bird3-truck3.png,0.056418586522340775,0.04235896095633507,0.038045838475227356,0.14378783106803894,0.1586337834596634,0.11234979331493378,0.05333812162280083,0.05831432342529297,0.06071493774652481,0.011579201556742191,0.07730858772993088,0.037910785526037216,0.030133403837680817,0.06241510063409805,0.04125490039587021,0.015435843728482723
bird4-airplane1.png,0.08111226558685303,0.11612597852945328,0.03956492617726326,0.09643884003162384,0.08847746253013611,0.02008015476167202,0.027565987780690193,0.18067143857479095,0.03140122815966606,0.017214447259902954,0.0415162518620491,0.06388938426971436,0.07366109639406204,0.045020539313554764,0.039269912987947464,0.03799007833003998
bird4-bicycle2.png,0.12826047837734222,0.056315671652555466,0.10249601304531097,0.061228979378938675,0.07762935012578964,0.014648673124611378,0.052464958280324936,0.11158236861228943,0.05106639862060547,0.01775290071964264,0.03704839199781418,0.017817771062254906,0.03953414782881737,0.0452566035091877,0.09456925094127655,0.09232799708843231
bird4-cat3.png,0.06898225098848343,0.06622384488582611,0.04701532423496246,0.13356471061706543,0.062208812683820724,0.027861755341291428,0.04605972766876221,0.10228447616100311,0.039017342031002045,0.027383767068386078,0.05696976184844971,0.0694899931550026,0.088694728910923,0.09898754954338074,0.04337675869464874,0.021879203617572784
bird4-clock1.png,0.0661604255437851,0.1326589435338974,0.07946866750717163,0.10936623066663742,0.055901747196912766,0.032301221042871475,0.05534623563289642,0.10887698829174042,0.03231814131140709,0.021315479651093483,0.04626227542757988,0.102529376745224,0.04146123304963112,0.039428576827049255,0.034881554543972015,0.041722916066646576
bird4-dog3.png,0.023438585922122,0.13785743713378906,0.03482738509774208,0.08899906277656555,0.05929416045546532,0.02881666086614132,0.03667227923870087,0.18791711330413818,0.04171755909919739,0.020226748660206795,0.1287047266960144,0.07365249842405319,0.059761419892311096,0.029837436974048615,0.03528523072600365,0.012991654686629772
bird5-airplane3.png,0.05426068976521492,0.03676207736134529,0.047541871666908264,0.09925639629364014,0.13226903975009918,0.06007959321141243,0.0892639309167862,0.04485289007425308,0.07432243227958679,0.017461279407143593,0.11036181449890137,0.05595562979578972,0.047490574419498444,0.05692730098962784,0.02753213606774807,0.04566236957907677
bird5-bear3.png,0.051555532962083817,0.11085797846317291,0.033369533717632294,0.16676442325115204,0.10966982692480087,0.02664710395038128,0.08469317853450775,0.055212926119565964,0.016582168638706207,0.02662075310945511,0.0729762390255928,0.09495909512042999,0.04354405775666237,0.034082140773534775,0.03464852645993233,0.037816472351551056
bird5-bicycle1.png,0.07037705183029175,0.08814573287963867,0.02898617647588253,0.16088570654392242,0.11304943263530731,0.03624143451452255,0.04606957361102104,0.07684784382581711,0.043663810938596725,0.01666606403887272,0.0813613012433052,0.020029835402965546,0.05631450191140175,0.10602410137653351,0.01602395996451378,0.03931351751089096
bird5-bird1.png,0.04832002893090248,0.06312869489192963,0.027379699051380157,0.11990846693515778,0.13954812288284302,0.06840930879116058,0.04939036816358566,0.0638820230960846,0.0462191067636013,0.012535491958260536,0.058903031051158905,0.04898468777537346,0.0558442696928978,0.13461416959762573,0.03660065680742264,0.026331914588809013
bird5-car2.png,0.04459385201334953,0.05284973978996277,0.039214473217725754,0.12650734186172485,0.17194007337093353,0.049006231129169464,0.05133872106671333,0.08663153648376465,0.04370767995715141,0.01662149466574192,0.09883211553096771,0.03230335935950279,0.06200690567493439,0.07868261635303497,0.02219567820429802,0.023568132892251015
bird5-cat2.png,0.02722783014178276,0.12297189235687256,0.04843359440565109,0.14960245788097382,0.08260972797870636,0.046893224120140076,0.057172659784555435,0.08343379199504852,0.029055949300527573,0.016763444989919662,0.04145945608615875,0.07017650455236435,0.11549107730388641,0.04092266783118248,0.026526642963290215,0.0412590391933918
bird5-chair1.png,0.06921204924583435,0.056240033358335495,0.03400241956114769,0.08968467265367508,0.19913414120674133,0.03160562366247177,0.08352707326412201,0.05762247368693352,0.040194228291511536,0.020000392571091652,0.10392364859580994,0.02721812203526497,0.03629925847053528,0.08160945773124695,0.03682084381580353,0.032905593514442444
bird5-dog2.png,0.0669499933719635,0.06511014699935913,0.09319552779197693,0.08683575689792633,0.0769590511918068,0.07888573408126831,0.03704351931810379,0.10379096865653992,0.06126485392451286,0.031902801245450974,0.060077834874391556,0.04595135152339935,0.046333108097314835,0.07648757100105286,0.022611774504184723,0.04660003259778023
bird5-keyboard2.png,0.05351622402667999,0.028856733813881874,0.03711813688278198,0.08961408585309982,0.1474849134683609,0.07555653899908066,0.07348725199699402,0.03304712846875191,0.04157005250453949,0.008565387688577175,0.11100436747074127,0.04852869361639023,0.042873091995716095,0.15584304928779602,0.014323216862976551,0.03861115872859955
bird5-oven3.png,0.05305402725934982,0.03745897486805916,0.035973288118839264,0.06198669597506523,0.12669311463832855,0.04492715746164322,0.015816444531083107,0.07904421538114548,0.20392823219299316,0.01088840700685978,0.07502396404743195,0.04023491591215134,0.050557367503643036,0.08587905764579773,0.044382136315107346,0.034152012318372726
bird5-truck2.png,0.06678839027881622,0.030114671215415,0.031998131424188614,0.06667038798332214,0.1425172984600067,0.06903408467769623,0.11597863584756851,0.050447747111320496,0.049569807946681976,0.01772826723754406,0.04311521723866463,0.03948614373803139,0.06315883994102478,0.08191823959350586,0.05697755888104439,0.07449662685394287
bird6-airplane2.png,0.4157669246196747,0.06102437153458595,0.04594649374485016,0.08020652085542679,0.05937706679105759,0.016882121562957764,0.02378780022263527,0.06132082641124725,0.03520685434341431,0.012202422134578228,0.01629251427948475,0.04360736161470413,0.05104272812604904,0.061031997203826904,0.009060465730726719,0.007243535481393337
bird6-boat2.png,0.08763040602207184,0.12096523493528366,0.06834626942873001,0.08459974080324173,0.08590573817491531,0.03387610241770744,0.05366620793938637,0.0824107974767685,0.024565408006310463,0.023952646180987358,0.0399261936545372,0.060708899050951004,0.09339307993650436,0.04074031114578247,0.05616350471973419,0.043149542063474655
bird6-bottle3.png,0.06009793281555176,0.09342927485704422,0.05984890088438988,0.10973019152879715,0.0465247817337513,0.03235868364572525,0.04210982844233513,0.07333427667617798,0.026500461623072624,0.021755991503596306,0.05035606399178505,0.10445023328065872,0.06740731745958328,0.15325197577476501,0.0289263054728508,0.0299177635461092
bird6-car3.png,0.07675875723361969,0.11356432735919952,0.035783957690000534,0.08811923861503601,0.10316123813390732,0.026622561737895012,0.04763903468847275,0.08414363861083984,0.01822047494351864,0.020125187933444977,0.0566512830555439,0.06658795475959778,0.0742141604423523,0.12467382103204727,0.0438658781349659,0.019868556410074234
bird6-elephant2.png,0.06708970665931702,0.06384814530611038,0.028146469965577126,0.05003028362989426,0.08003855496644974,0.03956545516848564,0.041683491319417953,0.08086676150560379,0.07726550102233887,0.015876248478889465,0.03693792223930359,0.07179408520460129,0.11966758966445923,0.16581059992313385,0.04939981549978256,0.011979375034570694
bird6-oven1.png,0.26025518774986267,0.06844135373830795,0.0320742167532444,0.11746639758348465,0.07623016834259033,0.032670531421899796,0.032867901027202606,0.08039286732673645,0.06273340433835983,0.020283814519643784,0.021582629531621933,0.034558314830064774,0.05124393105506897,0.0734020322561264,0.02199668064713478,0.013800578191876411
bird6-truck2.png,0.07677281647920609,0.058241669088602066,0.043056778609752655,0.03830931335687637,0.18424861133098602,0.042954448610544205,0.07858803123235703,0.07463362067937851,0.0524476021528244,0.021667687222361565,0.038111645728349686,0.04663741588592529,0.05221663415431976,0.05908579379320145,0.10344351828098297,0.02958434633910656
bird7-bird2.png,0.05967647209763527,0.05879119783639908,0.08744523674249649,0.19162803888320923,0.07351065427064896,0.040906112641096115,0.0393255352973938,0.049702323973178864,0.03507465869188309,0.08560600876808167,0.07089132070541382,0.04247260466217995,0.029951903969049454,0.08606050908565521,0.01148716639727354,0.03747019171714783
bird7-boat1.png,0.08279991149902344,0.012726901099085808,0.02147376723587513,0.04141255468130112,0.15332582592964172,0.025904519483447075,0.12225303053855896,0.04478879272937775,0.16776855289936066,0.021269353106617928,0.040462203323841095,0.02016901597380638,0.044265903532505035,0.07534835487604141,0.0803682878613472,0.04566306248307228
bird7-bottle1.png,0.06255006045103073,0.07764741033315659,0.08913060277700424,0.0823858231306076,0.06272729486227036,0.04854697361588478,0.04905637726187706,0.053316880017519,0.0910370945930481,0.06903111189603806,0.0826236680150032,0.04718061536550522,0.044733595103025436,0.048843562602996826,0.03981058672070503,0.051378414034843445
bird7-car2.png,0.05027807131409645,0.05260172486305237,0.04422647878527641,0.16566112637519836,0.1479644775390625,0.03669024631381035,0.07421349734067917,0.08636576682329178,0.05579078942537308,0.025355525314807892,0.10001286119222641,0.02545854076743126,0.03792012110352516,0.04497139900922775,0.027866873890161514,0.024622464552521706
bird7-cat3.png,0.07537348568439484,0.04595630243420601,0.05215808376669884,0.09780561178922653,0.08136554807424545,0.10153381526470184,0.03065117821097374,0.07015258073806763,0.07233434915542603,0.026787908747792244,0.11438380181789398,0.030687803402543068,0.04996717348694801,0.08126190304756165,0.04701875522732735,0.022561607882380486
bird7-keyboard3.png,0.05131647735834122,0.035959675908088684,0.04001091793179512,0.16633528470993042,0.10992422699928284,0.05432369187474251,0.0712837278842926,0.03751969337463379,0.05765076354146004,0.021703938022255898,0.14768053591251373,0.025706807151436806,0.022405894473195076,0.11356522887945175,0.024136457592248917,0.020476702600717545
bird7-knife2.png,0.07448910176753998,0.03538266941905022,0.05760706961154938,0.08944449573755264,0.0625479593873024,0.04350944980978966,0.1135612204670906,0.03434598073363304,0.056011345237493515,0.02576463855803013,0.08583223819732666,0.024820543825626373,0.03786913678050041,0.13265201449394226,0.05762452632188797,0.06853765994310379
bird7-oven3.png,0.028109753504395485,0.04972453415393829,0.22086624801158905,0.06751639395952225,0.03331215679645538,0.04781279340386391,0.06647782772779465,0.034937601536512375,0.05565765127539635,0.039615679532289505,0.11811942607164383,0.060819268226623535,0.011106100864708424,0.04833626747131348,0.03269600123167038,0.08489231020212173
bird7-truck2.png,0.058425117284059525,0.029910815879702568,0.13700854778289795,0.06389399617910385,0.09333843737840652,0.033777348697185516,0.1155010536313057,0.019047070294618607,0.0726289227604866,0.04854671657085419,0.07982569932937622,0.030874578282237053,0.009967702440917492,0.04575193673372269,0.050908155739307404,0.11059396713972092
bird8-boat3.png,0.05118732526898384,0.09073425084352493,0.0561155304312706,0.09867537766695023,0.06572633236646652,0.04965578019618988,0.05965583771467209,0.06245850399136543,0.0169407706707716,0.06088434159755707,0.14617182314395905,0.07524406164884567,0.028015146031975746,0.0516839474439621,0.04421188682317734,0.042639121413230896
bird8-bottle1.png,0.09127970784902573,0.0887676402926445,0.15255200862884521,0.13281722366809845,0.03387880697846413,0.023841150104999542,0.025967497378587723,0.048770006746053696,0.018744859844446182,0.03776239976286888,0.09340136498212814,0.056352924555540085,0.02208101376891136,0.13517838716506958,0.016492711380124092,0.022112281993031502
bird8-car2.png,0.07730970531702042,0.14766427874565125,0.03053373470902443,0.22147992253303528,0.05334670841693878,0.03455432504415512,0.03021128475666046,0.06851346790790558,0.016820482909679413,0.01573210395872593,0.08719464391469955,0.07324092090129852,0.04774624481797218,0.06490270793437958,0.022831063717603683,0.00791839323937893
bird8-chair1.png,0.039053987711668015,0.0864245668053627,0.05850670486688614,0.08057970553636551,0.08780290931463242,0.06566766649484634,0.07695433497428894,0.05644872412085533,0.04318815842270851,0.017768677324056625,0.10533107072114944,0.09208185225725174,0.07392136752605438,0.05646802484989166,0.033431027084589005,0.02637123130261898
bird8-clock1.png,0.051512084901332855,0.09563656896352768,0.06622351706027985,0.14562281966209412,0.05001429095864296,0.0492163710296154,0.05562012270092964,0.09543933719396591,0.026070551946759224,0.04371711611747742,0.09329661726951599,0.0740179717540741,0.02493969537317753,0.05594993755221367,0.03746236115694046,0.035260602831840515
bird8-elephant1.png,0.04692268744111061,0.07379056513309479,0.029858442023396492,0.09663370996713638,0.06717044115066528,0.04280657321214676,0.047594185918569565,0.0828210785984993,0.055573251098394394,0.035252273082733154,0.06111754849553108,0.07440546154975891,0.09001684933900833,0.1219942569732666,0.05290326103568077,0.021139467135071754
bird8-keyboard2.png,0.054373227059841156,0.045153480023145676,0.12294290959835052,0.1430690735578537,0.0757308080792427,0.06644172221422195,0.07439840584993362,0.05068797618150711,0.0333908386528492,0.044357433915138245,0.1161867007613182,0.0319235622882843,0.018960606306791306,0.09427687525749207,0.015212980099022388,0.012893450446426868
bird8-knife2.png,0.087260901927948,0.12169133871793747,0.03133893758058548,0.2004220336675644,0.07552025467157364,0.03398433327674866,0.025219321250915527,0.08725208789110184,0.01770690642297268,0.02113219164311886,0.05269275978207588,0.07464423030614853,0.03894167020916939,0.10205067694187164,0.019569389522075653,0.010572929866611958
bird9-bear3.png,0.029821574687957764,0.08344877511262894,0.03707518428564072,0.10932372510433197,0.03715312480926514,0.08925420045852661,0.044400956481695175,0.07723285257816315,0.08579395711421967,0.029862944036722183,0.07275664806365967,0.13888993859291077,0.032726287841796875,0.08044072985649109,0.031705036759376526,0.02011401765048504
bird9-bicycle3.png,0.048253923654556274,0.0462016798555851,0.03504743427038193,0.08145403116941452,0.09294887632131577,0.10511057078838348,0.043944891542196274,0.0530339814722538,0.05366924777626991,0.021741749718785286,0.06203942000865936,0.07664953172206879,0.09020901471376419,0.12954051792621613,0.03850168734788895,0.021653426811099052
bird9-bottle3.png,0.07669846713542938,0.05403449013829231,0.05010741576552391,0.23649686574935913,0.04134932532906532,0.06685178726911545,0.02620835229754448,0.02065790817141533,0.05766664445400238,0.012008975259959698,0.10185089707374573,0.10828159004449844,0.03255520388484001,0.05218564718961716,0.020539993420243263,0.042506393045186996
bird9-chair1.png,0.02916983887553215,0.073428675532341,0.02988496609032154,0.10942573845386505,0.03817819431424141,0.10179662704467773,0.03409508988261223,0.07498200237751007,0.04236574098467827,0.01651790551841259,0.17827942967414856,0.09211157262325287,0.027838528156280518,0.08601148426532745,0.04619838297367096,0.019715843722224236
bird9-dog2.png,0.04456198215484619,0.07330945134162903,0.04689105972647667,0.09930062294006348,0.05121231451630592,0.13165605068206787,0.038532476872205734,0.07100511342287064,0.07622426003217697,0.039882440119981766,0.0736948624253273,0.09053035825490952,0.05523629114031792,0.05588383227586746,0.030335843563079834,0.02174300327897072
bird9-elephant2.png,0.04828008636832237,0.08201813697814941,0.02220398187637329,0.06567850708961487,0.04466162621974945,0.0830264538526535,0.044555287808179855,0.07973060011863708,0.09229299426078796,0.029499832540750504,0.04576829820871353,0.103335902094841,0.08338996767997742,0.10708989202976227,0.05419139936566353,0.014276975765824318
bird9-keyboard1.png,0.12289047241210938,0.05336686596274376,0.03058636374771595,0.08537597954273224,0.08587861061096191,0.08665227144956589,0.03980623185634613,0.07830425351858139,0.05145925655961037,0.015224885195493698,0.05215837433934212,0.07802271097898483,0.06667792797088623,0.11036404222249985,0.027301017194986343,0.015930766239762306
boat1-bear1.png,0.03683150187134743,0.06624430418014526,0.02250654250383377,0.17158019542694092,0.05201617628335953,0.05410161241889,0.059447672218084335,0.0686546042561531,0.055361006408929825,0.028174875304102898,0.0858888104557991,0.05240799859166145,0.06977733969688416,0.12330400198698044,0.025092029944062233,0.02861129865050316
boat1-bicycle2.png,0.08901364356279373,0.08160640299320221,0.023674514144659042,0.08055094629526138,0.07478934526443481,0.021149659529328346,0.05248372629284859,0.10810881853103638,0.022832751274108887,0.011700240895152092,0.03288310766220093,0.06311769783496857,0.1258549690246582,0.12296130508184433,0.048497166484594345,0.04077572375535965
boat1-bird3.png,0.07530725002288818,0.025419004261493683,0.019354676827788353,0.0361349992454052,0.15186834335327148,0.028179744258522987,0.10885901749134064,0.04424155876040459,0.04274604842066765,0.015141267329454422,0.020874235779047012,0.018942508846521378,0.2006436586380005,0.07057563215494156,0.09072653204202652,0.05098551884293556
boat1-car2.png,0.043718840926885605,0.09586956351995468,0.019626546651124954,0.11749717593193054,0.08518575131893158,0.030896812677383423,0.09021959453821182,0.044943418353796005,0.012748856097459793,0.017505846917629242,0.08208350092172623,0.07587942481040955,0.08559997379779816,0.1196344643831253,0.05930506810545921,0.019285105168819427
boat1-chair3.png,0.048179492354393005,0.024558940902352333,0.024130305275321007,0.04164848104119301,0.11732068657875061,0.11820900440216064,0.11276178807020187,0.03531375154852867,0.03278074786067009,0.009237190708518028,0.06676400452852249,0.11606453359127045,0.13570936024188995,0.041095003485679626,0.017643515020608902,0.05858318507671356
boat1-elephant3.png,0.02593252807855606,0.06365909427404404,0.0348362922668457,0.05097862705588341,0.06386946886777878,0.03494586795568466,0.05349462851881981,0.057180311530828476,0.09041930735111237,0.021722184494137764,0.03391202166676521,0.1403830647468567,0.1576550155878067,0.09297593683004379,0.04169259965419769,0.0363430418074131
boat1-keyboard3.png,0.052430011332035065,0.06981108337640762,0.020825859159231186,0.09945651888847351,0.06765693426132202,0.03116951696574688,0.1364484429359436,0.07322534173727036,0.027572663500905037,0.014392904937267303,0.045895058661699295,0.039168085902929306,0.07824874669313431,0.1945844292640686,0.03188937157392502,0.017225073650479317
boat1-oven1.png,0.035135164856910706,0.034819893538951874,0.03926887363195419,0.04304530471563339,0.14867553114891052,0.03443189710378647,0.13421492278575897,0.05790969729423523,0.03852548077702522,0.03228452056646347,0.022713391110301018,0.013704974204301834,0.038262978196144104,0.1296829730272293,0.17083249986171722,0.026491854339838028
boat1-truck3.png,0.03798684850335121,0.023192262277007103,0.08095075935125351,0.07750403136014938,0.10129569470882416,0.030438536778092384,0.13111664354801178,0.03896233066916466,0.17764140665531158,0.024886921048164368,0.0692954957485199,0.02365635335445404,0.0383133627474308,0.024720823392271996,0.07856861501932144,0.0414699912071228
boat10-bear3.png,0.14569632709026337,0.04989977926015854,0.03493828326463699,0.06470886617898941,0.07327040284872055,0.04574095830321312,0.09662115573883057,0.050614647567272186,0.03360018879175186,0.030064238235354424,0.06421804428100586,0.04780326411128044,0.08295323699712753,0.06700185686349869,0.051899757236242294,0.06096900254487991
boat10-boat3.png,0.06662790477275848,0.030156871303915977,0.029089629650115967,0.03262270614504814,0.19463688135147095,0.04485837370157242,0.14814196527004242,0.04831337556242943,0.05434992164373398,0.041670702397823334,0.03352491930127144,0.04062657803297043,0.07431977242231369,0.04503130167722702,0.045687559992074966,0.07034150511026382
boat10-cat1.png,0.12615390121936798,0.04964575171470642,0.024159839376807213,0.06306640058755875,0.07563482224941254,0.06566473096609116,0.04382188990712166,0.0883648544549942,0.07185818254947662,0.015287017449736595,0.05220697075128555,0.044949788600206375,0.0970415249466896,0.05706743896007538,0.07775513827800751,0.047321729362010956
boat10-oven1.png,0.033343374729156494,0.016565030440688133,0.03723384812474251,0.025475014001131058,0.06738635897636414,0.0168128814548254,0.3859804570674896,0.029674813151359558,0.04559875652194023,0.03152012079954147,0.014734585769474506,0.023172108456492424,0.04357348755002022,0.031931500881910324,0.1311863511800766,0.06581135839223862
boat10-truck1.png,0.10512686520814896,0.020555099472403526,0.02256917580962181,0.048885419964790344,0.1518128216266632,0.04402051493525505,0.09869148582220078,0.06377080082893372,0.0740659311413765,0.012463587336242199,0.04875538498163223,0.027962863445281982,0.11987036466598511,0.08725426346063614,0.032425276935100555,0.041770026087760925
boat2-airplane1.png,0.07695183157920837,0.02215508371591568,0.04921376705169678,0.09475602209568024,0.256590336561203,0.03528308495879173,0.03367587551474571,0.05421273782849312,0.0839996263384819,0.018328197300434113,0.0581241175532341,0.0480743944644928,0.04835083708167076,0.06531313061714172,0.02628415636718273,0.02868681028485298
boat2-bear3.png,0.10912612825632095,0.054569076746702194,0.04206003621220589,0.09040901064872742,0.09329972416162491,0.041744183748960495,0.06601955741643906,0.03958619758486748,0.027232756838202477,0.028924474492669106,0.04560994356870651,0.05846188962459564,0.054253414273262024,0.14316795766353607,0.05381767079234123,0.05171794071793556
boat2-bird1.png,0.041581377387046814,0.05990643799304962,0.03535525128245354,0.16469067335128784,0.1496129035949707,0.04205316677689552,0.07055462151765823,0.0798286646604538,0.03864382952451706,0.0154923927038908,0.06453417986631393,0.05475455895066261,0.04881322756409645,0.08047286421060562,0.028180399909615517,0.025525502860546112
boat2-bottle2.png,0.07459045946598053,0.04271961376070976,0.06297293305397034,0.04341777041554451,0.1430315226316452,0.06643092632293701,0.05340009927749634,0.07034796476364136,0.09010344743728638,0.01593487337231636,0.06908570975065231,0.03400075435638428,0.06734112650156021,0.10158396512269974,0.020250344648957253,0.04478847607970238
boat2-keyboard1.png,0.1237562969326973,0.03545824810862541,0.06641404330730438,0.11606976389884949,0.07555650174617767,0.03626430407166481,0.036627426743507385,0.10917936265468597,0.050721537321805954,0.019618617370724678,0.04395367577672005,0.03965415060520172,0.03726373240351677,0.15494465827941895,0.023694971576333046,0.030822714790701866
boat2-oven3.png,0.07090383023023605,0.04652867838740349,0.06103058159351349,0.06758292764425278,0.07921503484249115,0.04852621257305145,0.0261701587587595,0.07877552509307861,0.12829655408859253,0.011867121793329716,0.13134777545928955,0.05405661463737488,0.02157597802579403,0.08625464886426926,0.05510189011693001,0.03276648744940758
boat3-airplane2.png,0.06725896894931793,0.03628431260585785,0.053182508796453476,0.06445370614528656,0.17078764736652374,0.05085289850831032,0.05282965674996376,0.06215255707502365,0.12838515639305115,0.019278189167380333,0.029661128297448158,0.06346934288740158,0.05427984148263931,0.04147488251328468,0.04499978944659233,0.060649529099464417
boat3-bicycle2.png,0.10910256952047348,0.051703017204999924,0.045136451721191406,0.06886619329452515,0.12010274827480316,0.05490060895681381,0.0428401418030262,0.07278475165367126,0.055472929030656815,0.011935004964470863,0.05532129853963852,0.03704959154129028,0.07273668795824051,0.11235275864601135,0.02619895339012146,0.06349635124206543
boat3-car3.png,0.060408566147089005,0.05002903193235397,0.029627645388245583,0.036636337637901306,0.10836689919233322,0.055860668420791626,0.07003476470708847,0.04727688431739807,0.0734848752617836,0.024383287876844406,0.040943875908851624,0.03753158450126648,0.13478180766105652,0.0744539275765419,0.08417996019124985,0.07199990749359131
boat3-cat3.png,0.08896097540855408,0.02607559598982334,0.020082110539078712,0.021500226110219955,0.12050394713878632,0.056285981088876724,0.029174568131566048,0.03959653154015541,0.02980421483516693,0.014062972739338875,0.022014306858181953,0.011098298244178295,0.05286254733800888,0.040228527039289474,0.37092098593711853,0.056828152388334274
boat3-chair3.png,0.10398254543542862,0.026931865140795708,0.04923441261053085,0.017545433714985847,0.0739283338189125,0.14256729185581207,0.046851854771375656,0.041743531823158264,0.022513898089528084,0.015696993097662926,0.038175590336322784,0.08472710847854614,0.08370319753885269,0.1570284068584442,0.019895534962415695,0.07547401636838913
boat3-clock3.png,0.06749633699655533,0.046427272260189056,0.073642298579216,0.04984022304415703,0.05984177440404892,0.05586617812514305,0.062197908759117126,0.07010122388601303,0.06020904332399368,0.023037591949105263,0.02368299663066864,0.05448086932301521,0.06813797354698181,0.05759500339627266,0.08812412619590759,0.13931921124458313
boat3-dog3.png,0.10499583184719086,0.06716864556074142,0.01596236601471901,0.055713407695293427,0.06135524809360504,0.02827749028801918,0.07335197180509567,0.15193785727024078,0.022216811776161194,0.010222804732620716,0.06245018541812897,0.02954505756497383,0.06048878654837608,0.027284493669867516,0.12518690526485443,0.10384213924407959
boat3-keyboard2.png,0.10823220014572144,0.023101164028048515,0.03171723708510399,0.0725562646985054,0.11193308234214783,0.047076620161533356,0.10870549082756042,0.06594766676425934,0.05322036147117615,0.008212607353925705,0.05392879247665405,0.032684676349163055,0.062227942049503326,0.11344276368618011,0.01356844324618578,0.09344470500946045
boat4-bicycle3.png,0.03182823583483696,0.05958237126469612,0.025989457964897156,0.04531466215848923,0.14006158709526062,0.07380515336990356,0.08680416643619537,0.04805489256978035,0.03938429430127144,0.029446810483932495,0.04357308894395828,0.037216611206531525,0.12701475620269775,0.12815290689468384,0.05667645484209061,0.027094604447484016
boat4-bird1.png,0.04783986881375313,0.047156866639852524,0.025769269093871117,0.15570640563964844,0.07726214081048965,0.044753655791282654,0.10164531320333481,0.05310550704598427,0.029738282784819603,0.0149562768638134,0.03877990320324898,0.0702502429485321,0.09176898747682571,0.15061870217323303,0.03235926479101181,0.018289335072040558
boat4-boat3.png,0.04804028570652008,0.028550302609801292,0.031994402408599854,0.08013461530208588,0.11034604907035828,0.034252770245075226,0.18816174566745758,0.033809155225753784,0.03496434912085533,0.025000661611557007,0.052907414734363556,0.05947665870189667,0.08329980075359344,0.06601707637310028,0.05861060693860054,0.06443411111831665
boat4-bottle2.png,0.12985120713710785,0.04105012118816376,0.054398953914642334,0.21772712469100952,0.052856262773275375,0.026603201404213905,0.029658909887075424,0.024526651948690414,0.01754402369260788,0.008574414066970348,0.0776563212275505,0.05165668949484825,0.0317860022187233,0.19385486841201782,0.016761083155870438,0.025494137778878212
boat4-car3.png,0.03736937418580055,0.05780932679772377,0.026809092611074448,0.058092616498470306,0.1439182311296463,0.08551712334156036,0.12643079459667206,0.04264570772647858,0.022394713014364243,0.018446244299411774,0.049061406403779984,0.040988508611917496,0.06934656947851181,0.10729842633008957,0.08286675065755844,0.03100506402552128
boat4-chair2.png,0.06891673803329468,0.066924087703228,0.029821762815117836,0.08112305402755737,0.15003234148025513,0.0381096675992012,0.07591420412063599,0.045868996530771255,0.06011902168393135,0.03215508908033371,0.047771211713552475,0.017228398472070694,0.05785730853676796,0.1075814962387085,0.09446821361780167,0.02610841393470764
boat4-dog2.png,0.08722539991140366,0.04980545863509178,0.05292675644159317,0.11957361549139023,0.06640593707561493,0.06513680517673492,0.04024183377623558,0.03806718438863754,0.08320004492998123,0.017745444551110268,0.05350291728973389,0.05877603590488434,0.0564936101436615,0.14543356001377106,0.05192311853170395,0.013542255386710167
boat4-elephant2.png,0.03311137855052948,0.04154667258262634,0.016148177906870842,0.06843983381986618,0.06331659108400345,0.0611431822180748,0.0653897151350975,0.05247468501329422,0.08966093510389328,0.014301404356956482,0.04316748306155205,0.07445062696933746,0.12497084587812424,0.18617884814739227,0.055192917585372925,0.010506726801395416
boat4-knife2.png,0.09540785849094391,0.06022284924983978,0.031129606068134308,0.10959960520267487,0.07324900478124619,0.037171777337789536,0.06438931822776794,0.04769653454422951,0.02400832250714302,0.024920057505369186,0.03162431716918945,0.05704781785607338,0.05402872711420059,0.24735181033611298,0.026754476130008698,0.015397968702018261
boat5-airplane1.png,0.07324740290641785,0.024983994662761688,0.05550123006105423,0.03614893555641174,0.1243210881948471,0.05066835880279541,0.039720021188259125,0.04294245317578316,0.07020584493875504,0.08500271290540695,0.052697181701660156,0.028993546962738037,0.1087072417140007,0.10909036546945572,0.036872830241918564,0.06089679151773453
boat5-bicycle3.png,0.07114740461111069,0.0321754552423954,0.031022319570183754,0.027689089998602867,0.07654208689928055,0.2052878737449646,0.012763631530106068,0.0557774193584919,0.08386382460594177,0.007978422567248344,0.0293686855584383,0.04678501561284065,0.18951928615570068,0.07858798652887344,0.03227058798074722,0.019220920279622078
boat5-boat3.png,0.06621064990758896,0.06690484285354614,0.03369066119194031,0.04499075934290886,0.15386934578418732,0.08919235318899155,0.048817411065101624,0.061743929982185364,0.04947445169091225,0.024439668282866478,0.05776413157582283,0.05657854303717613,0.08443212509155273,0.0757279023528099,0.024493953213095665,0.061669256538152695
boat5-car3.png,0.04922819510102272,0.05190327391028404,0.03471078351140022,0.08142274618148804,0.10709118098020554,0.06813228130340576,0.023904113098978996,0.11818119883537292,0.09297233819961548,0.015598737634718418,0.053113553673028946,0.04269961640238762,0.14271436631679535,0.05752432718873024,0.03479442745447159,0.026008913293480873
boat5-clock3.png,0.05457279086112976,0.038875970989465714,0.13771191239356995,0.04852790758013725,0.08911032229661942,0.07704539597034454,0.027561919763684273,0.08988203853368759,0.09090181440114975,0.029595712199807167,0.024832211434841156,0.08528772741556168,0.06454113125801086,0.05873562768101692,0.028101051226258278,0.054716482758522034
boat5-knife2.png,0.04543200135231018,0.02014601044356823,0.04061315953731537,0.034498415887355804,0.3658948540687561,0.05973118543624878,0.05352397263050079,0.03758125752210617,0.06048877164721489,0.03454329073429108,0.022744886577129364,0.01702251471579075,0.04344206303358078,0.08751162141561508,0.04072246327996254,0.0361035019159317
boat6-airplane2.png,0.09743636846542358,0.061812594532966614,0.032761216163635254,0.17104151844978333,0.11307337880134583,0.07165170460939407,0.06029508262872696,0.04938723146915436,0.01599428802728653,0.023897411301732063,0.059874821454286575,0.033540818840265274,0.06226010620594025,0.12071189284324646,0.018261432647705078,0.008000162430107594
boat6-bear1.png,0.04485147446393967,0.08604003489017487,0.0285013597458601,0.12549738585948944,0.07015965133905411,0.06992713361978531,0.041246138513088226,0.060343366116285324,0.04454619064927101,0.030010031536221504,0.11023556441068649,0.05586227774620056,0.0394897498190403,0.15354126691818237,0.028420982882380486,0.011327361688017845
boat6-bicycle2.png,0.060262277722358704,0.05084812268614769,0.02871689386665821,0.19930994510650635,0.040853843092918396,0.058606840670108795,0.07449259608983994,0.04526999965310097,0.013155153021216393,0.024579469114542007,0.06427762657403946,0.043923575431108475,0.12013554573059082,0.1338806003332138,0.015233300626277924,0.026454271748661995
boat6-bottle2.png,0.09989136457443237,0.06456930935382843,0.0383395180106163,0.25298193097114563,0.04573797807097435,0.04492117464542389,0.035765521228313446,0.024935699999332428,0.013464211486279964,0.016145868226885796,0.07350178807973862,0.06101880595088005,0.05719662085175514,0.12461242079734802,0.020128807052969933,0.026788927614688873
boat6-car1.png,0.052242178469896317,0.09988169372081757,0.030784847214818,0.15035967528820038,0.06258999556303024,0.04661078006029129,0.04927976429462433,0.0892770066857338,0.015448292717337608,0.02765866369009018,0.10682066529989243,0.05901092290878296,0.06528922915458679,0.07515455782413483,0.053315840661525726,0.016275858506560326
boat6-cat1.png,0.027327267453074455,0.09313957393169403,0.014062194153666496,0.21101288497447968,0.05799847096204758,0.09378165006637573,0.03150615841150284,0.06399115175008774,0.013914291746914387,0.01779383234679699,0.09836293011903763,0.0969984233379364,0.05207419767975807,0.10616058111190796,0.01293780654668808,0.00893863569945097
boat6-clock2.png,0.07550104707479477,0.09559454023838043,0.03763718530535698,0.12745553255081177,0.06503959000110626,0.031247936189174652,0.05640235170722008,0.0995301902294159,0.014641144312918186,0.03548276051878929,0.16507121920585632,0.04676693305373192,0.05201256275177002,0.02722935937345028,0.025786247104406357,0.04460141062736511
boat6-dog1.png,0.032976504415273666,0.11919689923524857,0.05118182674050331,0.1343466341495514,0.04827543720602989,0.0774250477552414,0.04966488108038902,0.07410357892513275,0.04484022036194801,0.04270514100790024,0.07362133264541626,0.08700443059206009,0.03498683124780655,0.07053639739751816,0.039467938244342804,0.01966693624854088
boat6-elephant2.png,0.027208564803004265,0.13681019842624664,0.030020833015441895,0.06629905849695206,0.055049050599336624,0.04264134168624878,0.048015572130680084,0.07221754640340805,0.033214762806892395,0.05432918295264244,0.048606764525175095,0.16978596150875092,0.07150600105524063,0.0735761821269989,0.06074749305844307,0.009971553459763527
boat6-knife2.png,0.06036088243126869,0.09435416013002396,0.05182782560586929,0.06946606189012527,0.11649300158023834,0.048683956265449524,0.06386039406061172,0.05781225487589836,0.028108112514019012,0.07548210769891739,0.05154432728886604,0.03755366429686546,0.0661652535200119,0.07887861132621765,0.08414304256439209,0.015266373753547668
boat6-truck3.png,0.0702446773648262,0.061156757175922394,0.03320835158228874,0.10799737274646759,0.046985138207674026,0.08928988128900528,0.06354860961437225,0.04689697176218033,0.030137894675135612,0.04775872826576233,0.13556258380413055,0.02945217862725258,0.04548708349466324,0.08049631863832474,0.09159612655639648,0.02018129639327526
boat7-boat2.png,0.08862673491239548,0.08144497871398926,0.09997152537107468,0.06598369032144547,0.09140036255121231,0.05701642110943794,0.05831265076994896,0.049097202718257904,0.026502996683120728,0.03820941597223282,0.07894663512706757,0.05592210963368416,0.05293142423033714,0.03584372252225876,0.04627082869410515,0.07351934909820557
boat7-bottle1.png,0.07898758351802826,0.07591074705123901,0.05406641215085983,0.07357435673475266,0.04954015836119652,0.0868324562907219,0.03317435458302498,0.04728499799966812,0.04983149468898773,0.06821200251579285,0.08232726156711578,0.07545235008001328,0.07758095115423203,0.07940501719713211,0.03473794832825661,0.033081915229558945
boat7-cat3.png,0.027089552953839302,0.045751020312309265,0.017645657062530518,0.0881100445985794,0.05289787799119949,0.09112619608640671,0.061357781291007996,0.061458244919776917,0.08612994849681854,0.032077234238386154,0.05989206209778786,0.057136353105306625,0.07575594633817673,0.04296434298157692,0.18397922813892365,0.01662849448621273
boat7-chair1.png,0.035488810390233994,0.029679173603653908,0.016958855092525482,0.06401225179433823,0.1295614093542099,0.11638803780078888,0.05564749985933304,0.06434081494808197,0.10241842269897461,0.007602689787745476,0.09946198016405106,0.08405638486146927,0.11350154131650925,0.03722856193780899,0.023685535416007042,0.019968070089817047
boat7-clock3.png,0.06539735198020935,0.05684768036007881,0.057915929704904556,0.07408824563026428,0.049110427498817444,0.0940948948264122,0.06060232222080231,0.15235081315040588,0.0891835168004036,0.03674590215086937,0.03729373216629028,0.06317910552024841,0.024745332077145576,0.054503824561834335,0.0536443367600441,0.03029659390449524
boat7-elephant3.png,0.018747970461845398,0.05211546644568443,0.026382112875580788,0.06132364645600319,0.037576571106910706,0.10859469324350357,0.054188426584005356,0.057061269879341125,0.10587860643863678,0.01678667962551117,0.03585543856024742,0.19842617213726044,0.07886569947004318,0.078850656747818,0.028261078521609306,0.04108547419309616
boat7-keyboard3.png,0.06050409749150276,0.05080915614962578,0.03591378033161163,0.3000018894672394,0.03689627721905708,0.09295377135276794,0.0302992295473814,0.07316811382770538,0.042621299624443054,0.011106313206255436,0.07795881479978561,0.03533419221639633,0.032951612025499344,0.10405001789331436,0.008705273270606995,0.006726141087710857
boat7-oven3.png,0.05443199351429939,0.04711213335394859,0.02409852296113968,0.11218664795160294,0.036446474492549896,0.08835716545581818,0.02273806743323803,0.062330447137355804,0.20585621893405914,0.021121079102158546,0.05253521725535393,0.03371237590909004,0.02581101283431053,0.09622098505496979,0.10054448992013931,0.016497192904353142
boat7-truck2.png,0.050048135221004486,0.04451056569814682,0.011852120980620384,0.052544966340065,0.17555838823318481,0.07840179651975632,0.10747244209051132,0.05464673787355423,0.05020475760102272,0.009667343460023403,0.03817155212163925,0.05604364722967148,0.08722791075706482,0.11135684698820114,0.0570041798055172,0.015288595110177994
boat8-bird2.png,0.1149776503443718,0.023831531405448914,0.04802464321255684,0.042174480855464935,0.06942804902791977,0.04680490866303444,0.09626336395740509,0.05185187980532646,0.06497538834810257,0.014659745618700981,0.025612790137529373,0.030801761895418167,0.12251549959182739,0.11095233261585236,0.0638907179236412,0.07323532551527023
boat8-bottle1.png,0.05688200145959854,0.04951312765479088,0.038134608417749405,0.07315679639577866,0.09230248630046844,0.06455822288990021,0.03527633473277092,0.06590864807367325,0.04283374920487404,0.02206992357969284,0.05595178157091141,0.026827627792954445,0.24669067561626434,0.0693717747926712,0.03314501419663429,0.027377169579267502
boat8-dog3.png,0.11080657690763474,0.020193196833133698,0.03401285782456398,0.08085256069898605,0.14537501335144043,0.03041280061006546,0.10755104571580887,0.043653421103954315,0.04241901636123657,0.019877970218658447,0.06057075783610344,0.036503251641988754,0.07501857727766037,0.09885915368795395,0.032895106822252274,0.06099869683384895
boat8-elephant1.png,0.09590904414653778,0.037060778588056564,0.05353039875626564,0.09869775176048279,0.1443273425102234,0.0196162648499012,0.03416706249117851,0.0440952442586422,0.061871178448200226,0.05913640931248665,0.03227224573493004,0.06001763045787811,0.04947686567902565,0.1607992947101593,0.025409579277038574,0.023612894117832184
boat8-knife1.png,0.08224600553512573,0.027625955641269684,0.03434232994914055,0.07192950695753098,0.08670537173748016,0.03036832995712757,0.04180094227194786,0.07718026638031006,0.15216322243213654,0.008277669548988342,0.09170341491699219,0.03306213393807411,0.10401369631290436,0.08907902240753174,0.04570981487631798,0.02379225566983223
boat8-oven1.png,0.12964853644371033,0.027202891185879707,0.026383796706795692,0.0776161402463913,0.14595067501068115,0.031029431149363518,0.04063546285033226,0.06704968214035034,0.1469384878873825,0.01583103835582733,0.04922769218683243,0.062304090708494186,0.043468598276376724,0.056648820638656616,0.05415280535817146,0.02591180056333542
boat8-truck2.png,0.10101062059402466,0.011380022391676903,0.016480373218655586,0.040757182985544205,0.1811525523662567,0.046233806759119034,0.15919229388237,0.04083067178726196,0.09458000212907791,0.01577598787844181,0.03805317357182503,0.02799016796052456,0.042426832020282745,0.10070092976093292,0.05072322115302086,0.03271213546395302
boat9-airplane2.png,0.1222328171133995,0.05140561982989311,0.03765810653567314,0.07638560980558395,0.16923871636390686,0.04280593991279602,0.07896729558706284,0.09603749960660934,0.0542510524392128,0.010800697840750217,0.02986357919871807,0.037045858800411224,0.08654320240020752,0.052373286336660385,0.03005107119679451,0.02433966100215912
boat9-bear3.png,0.019486194476485252,0.046838290989398956,0.012157769873738289,0.08525191992521286,0.09589728713035583,0.0807524248957634,0.07614029198884964,0.04885914549231529,0.09962575137615204,0.009353423491120338,0.03598817437887192,0.08883164077997208,0.14820514619350433,0.07327748835086823,0.06403695046901703,0.015298151411116123
boat9-bird1.png,0.05246688425540924,0.0443640798330307,0.019186971709132195,0.1143740713596344,0.0810973048210144,0.06774202734231949,0.06540853530168533,0.08996881544589996,0.05062112584710121,0.013144942000508308,0.04443737119436264,0.1085406243801117,0.0871415063738823,0.10911247879266739,0.03700880706310272,0.01538446918129921
boat9-boat3.png,0.04211019352078438,0.036991000175476074,0.017097270116209984,0.05519691854715347,0.10529419779777527,0.07795652002096176,0.10495973378419876,0.038874708116054535,0.048296909779310226,0.013422169722616673,0.04433487355709076,0.12364009022712708,0.07950738817453384,0.027140799909830093,0.08209051936864853,0.10308675467967987
boat9-cat3.png,0.03433722257614136,0.044737789779901505,0.009601330384612083,0.08704063296318054,0.08040370047092438,0.04899908974766731,0.07001882046461105,0.06269657611846924,0.0485738106071949,0.02523992955684662,0.05417148023843765,0.031176485121250153,0.15229128301143646,0.04418197646737099,0.18123139441013336,0.025298509746789932
boat9-chair2.png,0.07437411695718765,0.03511568531394005,0.02159944549202919,0.027224494144320488,0.18140649795532227,0.15978136658668518,0.04279211908578873,0.04019436240196228,0.1780090630054474,0.05659237504005432,0.03265110403299332,0.017390990629792213,0.04671383649110794,0.03665293753147125,0.029616570100188255,0.019884981215000153
boat9-clock1.png,0.046633023768663406,0.08167640119791031,0.03687741607427597,0.05086112767457962,0.12670983374118805,0.03642163425683975,0.1256602555513382,0.07804575562477112,0.04670047014951706,0.014384354464709759,0.02391616627573967,0.0805433988571167,0.08135086297988892,0.019452113658189774,0.10861009359359741,0.04215707257390022
boat9-dog2.png,0.02816551737487316,0.050376493483781815,0.01647990755736828,0.1039864644408226,0.08125637471675873,0.127813458442688,0.0489167720079422,0.04713151231408119,0.11230039596557617,0.012960377149283886,0.031386397778987885,0.09323691576719284,0.11988376080989838,0.04142392799258232,0.06550872325897217,0.019172953441739082
boat9-keyboard2.png,0.021595198661088943,0.026356888934969902,0.053842321038246155,0.05491842329502106,0.13566121459007263,0.04984555020928383,0.1899307817220688,0.06756819039583206,0.04180148243904114,0.019464917480945587,0.05154408887028694,0.05773789435625076,0.0744120180606842,0.04499736800789833,0.06238003447651863,0.04794364050030708
boat9-knife2.png,0.039905790239572525,0.05048663169145584,0.024618644267320633,0.03020293265581131,0.1564001590013504,0.09384862333536148,0.11502788960933685,0.07792142033576965,0.10067205876111984,0.02618631348013878,0.02167488820850849,0.04424499720335007,0.07842851430177689,0.07034552097320557,0.0378413200378418,0.0321943424642086
bottle1-bear1.png,0.026596466079354286,0.037340033799409866,0.018661553040146828,0.09534478187561035,0.03741799667477608,0.20574748516082764,0.04439593106508255,0.03819062560796738,0.14626306295394897,0.0315650999546051,0.06506019085645676,0.08609699457883835,0.03668968752026558,0.07471433281898499,0.03499070182442665,0.02092508226633072
bottle1-bird3.png,0.025554709136486053,0.022807834669947624,0.009235399775207043,0.03432302549481392,0.04766036942601204,0.48637935519218445,0.030202023684978485,0.020309677347540855,0.14201976358890533,0.0200309157371521,0.02622263692319393,0.027234995737671852,0.026736434549093246,0.030335284769535065,0.040014177560806274,0.010933476500213146
bottle1-car1.png,0.06022972613573074,0.06731552630662918,0.026060160249471664,0.08170408010482788,0.09748956561088562,0.14374180138111115,0.06255409121513367,0.059156451374292374,0.03836005926132202,0.019197799265384674,0.05815033242106438,0.05974913388490677,0.08747201412916183,0.07724478840827942,0.045139193534851074,0.01643531024456024
bottle1-cat3.png,0.021464044228196144,0.021766643971204758,0.005095379427075386,0.05290248990058899,0.05348232015967369,0.2790214717388153,0.04121047258377075,0.03172856569290161,0.12496445327997208,0.011254998855292797,0.02981218323111534,0.026380745694041252,0.1470615267753601,0.024554463103413582,0.1133839339017868,0.015916306525468826
bottle1-chair2.png,0.03378090634942055,0.031974807381629944,0.01776348054409027,0.020591266453266144,0.04451476410031319,0.32137876749038696,0.04743482917547226,0.032179784029722214,0.1431695520877838,0.026025524362921715,0.02595737762749195,0.015407368540763855,0.11386775970458984,0.04030616208910942,0.06127068027853966,0.02437703125178814
bottle1-clock1.png,0.0530066043138504,0.03480362892150879,0.0318460687994957,0.09935467690229416,0.04489864408969879,0.4282805621623993,0.03256659209728241,0.02297460474073887,0.06689823418855667,0.02544974535703659,0.04333089292049408,0.02880498766899109,0.020820435136556625,0.0245033111423254,0.021553445607423782,0.020907659083604813
bottle1-dog2.png,0.04269678518176079,0.030171209946274757,0.03207353502511978,0.07998496294021606,0.043272070586681366,0.25784629583358765,0.03525834530591965,0.03960571065545082,0.15602821111679077,0.026295330375432968,0.04030396416783333,0.05052614212036133,0.05002299323678017,0.07500812411308289,0.022902214899659157,0.018004046753048897
bottle1-keyboard3.png,0.027644988149404526,0.01803174428641796,0.012485739775002003,0.043944742530584335,0.019156439229846,0.5608735084533691,0.011765110306441784,0.018266169354319572,0.1304011344909668,0.006804106291383505,0.05063915252685547,0.035823822021484375,0.01507758442312479,0.038072749972343445,0.006749044172465801,0.004263973329216242
bottle10-bear2.png,0.018983764573931694,0.07726893573999405,0.06751269102096558,0.039672307670116425,0.039204616099596024,0.1573295146226883,0.05119454488158226,0.028215961530804634,0.041357509791851044,0.042752932757139206,0.030532101169228554,0.23407095670700073,0.03575807064771652,0.033871907740831375,0.057427648454904556,0.0448465496301651
bottle10-boat3.png,0.028636252507567406,0.03128967061638832,0.0352688729763031,0.04568161442875862,0.07302401959896088,0.23085223138332367,0.09035773575305939,0.03150319308042526,0.08009705692529678,0.03342084959149361,0.05181589350104332,0.04616544023156166,0.06526068598031998,0.02807229571044445,0.06247469410300255,0.06607943773269653
bottle10-car1.png,0.04888346791267395,0.04560703784227371,0.017530227079987526,0.06138205900788307,0.19079503417015076,0.20078951120376587,0.07660792022943497,0.03349044919013977,0.051339827477931976,0.024629149585962296,0.06114751473069191,0.03674700856208801,0.04851372912526131,0.03438243269920349,0.04544365778565407,0.022711046040058136
bottle10-clock2.png,0.028798798099160194,0.0355529822409153,0.04228669032454491,0.04352126270532608,0.05057280883193016,0.1878492832183838,0.07134915143251419,0.03744492307305336,0.06871896237134933,0.06736324727535248,0.12463222444057465,0.09358736127614975,0.017888933420181274,0.03646232560276985,0.04246554896235466,0.05150546133518219
bottle10-dog1.png,0.032209042459726334,0.10132841020822525,0.03245141729712486,0.04279037564992905,0.06293340027332306,0.2577176094055176,0.04740466549992561,0.04464994743466377,0.04327959194779396,0.030293334275484085,0.08738160133361816,0.06821557879447937,0.02842523343861103,0.036022815853357315,0.059704214334487915,0.02519270032644272
bottle10-truck3.png,0.021050306037068367,0.04036995396018028,0.03130214288830757,0.022933650761842728,0.042594749480485916,0.3179529309272766,0.11914046108722687,0.0315215066075325,0.08747638016939163,0.03850480914115906,0.05091258883476257,0.05414262413978577,0.009839288890361786,0.033968083560466766,0.06523501873016357,0.03305552527308464
bottle2-bottle3.png,0.022114722058176994,0.01976769231259823,0.022508885711431503,0.02401912398636341,0.04229350760579109,0.5976444482803345,0.015208537690341473,0.028526052832603455,0.05338074639439583,0.015527372248470783,0.02429712750017643,0.024943547323346138,0.05051771551370621,0.02541886642575264,0.020076069980859756,0.01375563070178032
bottle2-car2.png,0.041120920330286026,0.04651336371898651,0.03160395473241806,0.07941964268684387,0.22362598776817322,0.12933805584907532,0.0423397533595562,0.05864348262548447,0.05172206088900566,0.019463347271084785,0.06190882623195648,0.031663693487644196,0.07185880839824677,0.05484924092888832,0.03720885515213013,0.01872001774609089
bottle2-chair3.png,0.03161206841468811,0.014305731281638145,0.04504794254899025,0.029884250834584236,0.10379331558942795,0.36809149384498596,0.012226649560034275,0.031703103333711624,0.09009603410959244,0.020100725814700127,0.04777460917830467,0.0651535838842392,0.03428199142217636,0.06476421654224396,0.014590817503631115,0.026573406532406807
bottle2-clock1.png,0.0363035574555397,0.0813693031668663,0.049348440021276474,0.07184954732656479,0.09678458422422409,0.1427537500858307,0.030700938776135445,0.0712658017873764,0.0799897164106369,0.03419855237007141,0.042907264083623886,0.06100943684577942,0.06260062754154205,0.0580710731446743,0.044554878026247025,0.03629249334335327
bottle2-elephant1.png,0.05683009326457977,0.07384838163852692,0.05203687399625778,0.06813564896583557,0.08912209421396255,0.13715264201164246,0.01907985657453537,0.054586634039878845,0.08464626967906952,0.023930048570036888,0.09035773575305939,0.06578492373228073,0.0774301216006279,0.05565951392054558,0.02572667971253395,0.02567245438694954
bottle2-knife3.png,0.030647391453385353,0.018415048718452454,0.06652950495481491,0.0261467844247818,0.02508489601314068,0.4246685206890106,0.027282750234007835,0.02568943053483963,0.06276097148656845,0.02489207126200199,0.04743741452693939,0.07157833129167557,0.024480169638991356,0.08929630368947983,0.02054252102971077,0.014547840692102909
bottle3-airplane2.png,0.08082883059978485,0.08208763599395752,0.02914176881313324,0.10882125794887543,0.04985855892300606,0.18216854333877563,0.035943787544965744,0.06596754491329193,0.032249826937913895,0.012784033082425594,0.055399589240550995,0.10175759345293045,0.05147121474146843,0.06948844343423843,0.025251075625419617,0.016780290752649307
bottle3-bear2.png,0.013162384741008282,0.130255326628685,0.014945495873689651,0.1432524472475052,0.03548092022538185,0.11735983937978745,0.027157487347722054,0.04370211809873581,0.06555653363466263,0.014019967056810856,0.06923303008079529,0.2139875441789627,0.026232589036226273,0.025575954467058182,0.020777186378836632,0.039301127195358276
bottle3-bicycle3.png,0.02369655855000019,0.043265074491500854,0.022352593019604683,0.05095857009291649,0.07268643379211426,0.285824179649353,0.03431335836648941,0.03358762338757515,0.10012219101190567,0.013837306760251522,0.029232405126094818,0.04021571949124336,0.11412376910448074,0.0973629355430603,0.02448570542037487,0.013935547322034836
bottle3-bird1.png,0.042971231043338776,0.028648218140006065,0.014147888869047165,0.12758272886276245,0.09124678373336792,0.08607804775238037,0.04557979106903076,0.054088957607746124,0.06069459393620491,0.005214892793446779,0.04049551486968994,0.15234918892383575,0.11628212779760361,0.08644068241119385,0.029391787946224213,0.018787553533911705
bottle3-boat3.png,0.033139705657958984,0.052586328238248825,0.03913840651512146,0.0757681280374527,0.05726410448551178,0.17351317405700684,0.052474383264780045,0.03772899881005287,0.04714135453104973,0.025838220492005348,0.10040077567100525,0.13290686905384064,0.05485999211668968,0.043831467628479004,0.03959092125296593,0.03381720930337906
bottle3-bottle3.png,0.026730729267001152,0.015946729108691216,0.011959221214056015,0.032293736934661865,0.028060048818588257,0.5339027047157288,0.03499946743249893,0.012446854263544083,0.08712982386350632,0.010507469065487385,0.02574443444609642,0.04309447854757309,0.06307793408632278,0.028469260782003403,0.017530333250761032,0.02810679003596306
bottle3-cat3.png,0.018244322389364243,0.026263153180480003,0.016705600544810295,0.039840251207351685,0.038240257650613785,0.3115004599094391,0.03417644649744034,0.040381286293268204,0.11411906033754349,0.03696272149682045,0.029629210010170937,0.03491206467151642,0.08072704821825027,0.016137918457388878,0.14388948678970337,0.018270712345838547
bottle3-chair3.png,0.03830297291278839,0.023955712094902992,0.014212148264050484,0.03541509434580803,0.04678155481815338,0.3563186228275299,0.049240246415138245,0.029270820319652557,0.1475944072008133,0.01045495830476284,0.03794337809085846,0.08500189334154129,0.03364794701337814,0.039312295615673065,0.02456144243478775,0.02798650413751602
bottle3-knife3.png,0.0441371314227581,0.06083802506327629,0.07282403856515884,0.051358405500650406,0.069644995033741,0.1360018253326416,0.04545744135975838,0.03740285336971283,0.10668626427650452,0.03003448061645031,0.07391322404146194,0.048328690230846405,0.0199233740568161,0.03341719135642052,0.15056365728378296,0.01946844719350338
bottle4-airplane1.png,0.03606585040688515,0.06588824838399887,0.022812746465206146,0.04033786058425903,0.09766919165849686,0.1547423005104065,0.06817678362131119,0.12091636657714844,0.06515316665172577,0.02665639854967594,0.033568814396858215,0.04001263529062271,0.10047253221273422,0.03842024877667427,0.04989050328731537,0.0392163060605526
bottle4-bicycle1.png,0.090044304728508,0.12519702315330505,0.044048432260751724,0.12317030876874924,0.0649639442563057,0.10522831231355667,0.033435970544815063,0.07462625205516815,0.029771093279123306,0.017987901344895363,0.05388239771127701,0.0762009248137474,0.04862000048160553,0.07238742709159851,0.02042742259800434,0.020008288323879242
bottle4-car3.png,0.05930780619382858,0.0503716766834259,0.033026836812496185,0.08867990225553513,0.09993297606706619,0.1429809182882309,0.04166414588689804,0.05905764922499657,0.03766227886080742,0.020462319254875183,0.04502866044640541,0.07306315004825592,0.10200849175453186,0.10101762413978577,0.027049142867326736,0.01868644915521145
bottle4-dog2.png,0.05822517350316048,0.031028104946017265,0.03225337341427803,0.08321229368448257,0.048150114715099335,0.2517407536506653,0.027485661208629608,0.03618486970663071,0.1373244822025299,0.03445960208773613,0.056098174303770065,0.055892907083034515,0.05494038015604019,0.05369644984602928,0.02204977720975876,0.017257850617170334
bottle4-oven2.png,0.013131247833371162,0.02191081829369068,0.015935618430376053,0.037402186542749405,0.01692163199186325,0.2948809564113617,0.030379271134734154,0.03125184029340744,0.20196250081062317,0.03241530433297157,0.04054240509867668,0.023418176919221878,0.020188910886645317,0.05942101404070854,0.1322764754295349,0.027961639687418938
bottle4-truck1.png,0.03595680370926857,0.026669524610042572,0.012971194460988045,0.021576842293143272,0.08514662832021713,0.4107102155685425,0.03815916180610657,0.036747466772794724,0.06432267278432846,0.022063691169023514,0.04031087085604668,0.032060690224170685,0.038477011024951935,0.07303203642368317,0.03784339502453804,0.02395186945796013
bottle5-airplane1.png,0.04366423189640045,0.025473976507782936,0.03573886677622795,0.03653307631611824,0.11336151510477066,0.1463492065668106,0.05775207281112671,0.051904432475566864,0.06526744365692139,0.013089921325445175,0.06654557585716248,0.06919831782579422,0.09007559716701508,0.06848220527172089,0.06083297356963158,0.05573060363531113
bottle5-bird3.png,0.01955265738070011,0.008836649358272552,0.01476252730935812,0.022388674318790436,0.052170101553201675,0.5302108526229858,0.018715165555477142,0.013411861844360828,0.03449589014053345,0.02764415740966797,0.11599311977624893,0.011533700861036777,0.03073863871395588,0.05522565916180611,0.02612084150314331,0.01819942146539688
bottle5-boat1.png,0.06690076738595963,0.007628927938640118,0.030773218721151352,0.02401907928287983,0.1834222823381424,0.22143667936325073,0.028846682980656624,0.04191381484270096,0.09220072627067566,0.012616025283932686,0.0481770895421505,0.04419733211398125,0.07649928331375122,0.06231880187988281,0.03995201364159584,0.01909733936190605
bottle5-cat1.png,0.06410171836614609,0.02610156312584877,0.028591739013791084,0.051793619990348816,0.13063257932662964,0.21073678135871887,0.03850486874580383,0.05723682418465614,0.054865676909685135,0.015103562735021114,0.06732004135847092,0.05240366980433464,0.06996387988328934,0.045557186007499695,0.05855981633067131,0.02852645330131054
bottle5-chair1.png,0.04390330985188484,0.03505486994981766,0.021369725465774536,0.04070121794939041,0.10117065906524658,0.20117153227329254,0.02925226278603077,0.04427487403154373,0.10431987792253494,0.01206172350794077,0.1701274961233139,0.04707136005163193,0.051678843796253204,0.026250427588820457,0.05029234290122986,0.02129940874874592
bottle5-clock3.png,0.02903515286743641,0.03542998060584068,0.11150174587965012,0.05272547900676727,0.05424416810274124,0.12756578624248505,0.0449938103556633,0.07767343521118164,0.05395546555519104,0.06551875174045563,0.09662047028541565,0.07995548099279404,0.053470026701688766,0.04905247688293457,0.022663043811917305,0.045594722032547
bottle5-elephant1.png,0.06689213216304779,0.0597960464656353,0.04867792874574661,0.10381916165351868,0.09610680490732193,0.07119683176279068,0.025313787162303925,0.08457187563180923,0.07087856531143188,0.02599373087286949,0.10375677049160004,0.04365791752934456,0.06600716710090637,0.09210309386253357,0.020928019657731056,0.02030010335147381
bottle5-keyboard2.png,0.022742848843336105,0.019284112378954887,0.04532374069094658,0.04395456239581108,0.026815470308065414,0.2787676453590393,0.03770964592695236,0.026729075238108635,0.10224375873804092,0.026730291545391083,0.14174380898475647,0.05708213895559311,0.06230742111802101,0.054386358708143234,0.03258061408996582,0.021598445251584053
bottle5-knife1.png,0.03656895458698273,0.017784059047698975,0.0597272552549839,0.04644274339079857,0.09029477834701538,0.2514275312423706,0.026094410568475723,0.037211108952760696,0.12840290367603302,0.022890642285346985,0.12251528352499008,0.037836067378520966,0.04636505991220474,0.0389389730989933,0.021070286631584167,0.01642988994717598
bottle5-oven2.png,0.03518388047814369,0.017466308549046516,0.04512155428528786,0.017178308218717575,0.02240610681474209,0.2005976140499115,0.05182341858744621,0.015746325254440308,0.11685843020677567,0.0366656519472599,0.06605952233076096,0.02154870145022869,0.018976736813783646,0.0757446140050888,0.18479371070861816,0.07382908463478088
bottle5-truck1.png,0.06125703454017639,0.01477919239550829,0.020029664039611816,0.02959621697664261,0.09811907261610031,0.3659387230873108,0.03731570020318031,0.039577316492795944,0.05768882855772972,0.012809736654162407,0.06455401331186295,0.025751790031790733,0.04667176306247711,0.08357489109039307,0.017168940976262093,0.025167059153318405
bottle6-airplane1.png,0.0532960519194603,0.042314574122428894,0.026241252198815346,0.06176677718758583,0.09576190263032913,0.1101015955209732,0.06194822117686272,0.07322748005390167,0.06705433130264282,0.02673170156776905,0.07240685075521469,0.05965422838926315,0.07116574794054031,0.08140090107917786,0.025463799014687538,0.07146461308002472
bottle6-bear2.png,0.04473772272467613,0.12559303641319275,0.04923618584871292,0.04174179211258888,0.06520825624465942,0.10273639112710953,0.051058635115623474,0.06842843443155289,0.0406535305082798,0.024356145411729813,0.03844118118286133,0.14153319597244263,0.05178026109933853,0.043396882712841034,0.049536991864442825,0.061561357229948044
bottle6-bicycle3.png,0.05084739625453949,0.047732166945934296,0.028258930891752243,0.04811418056488037,0.0561998076736927,0.21003584563732147,0.02994312345981598,0.05640304833650589,0.08751335740089417,0.020041117444634438,0.06404292583465576,0.05310831218957901,0.1086181178689003,0.07735395431518555,0.034064482897520065,0.02772323414683342
bottle6-bird1.png,0.05270467698574066,0.04479047283530235,0.03306981548666954,0.08158119767904282,0.11878512054681778,0.19676536321640015,0.04393348842859268,0.04179902747273445,0.06246868148446083,0.02052723430097103,0.0657029077410698,0.04814007878303528,0.044326771050691605,0.09600985795259476,0.03020634315907955,0.019189007580280304
bottle6-boat3.png,0.03619495779275894,0.03590741008520126,0.02111862041056156,0.036591917276382446,0.11023266613483429,0.23456063866615295,0.06966863572597504,0.02863485738635063,0.06977947056293488,0.023959580808877945,0.06016571447253227,0.061610884964466095,0.060470931231975555,0.060563527047634125,0.04501088708639145,0.04552927985787392
bottle6-bottle3.png,0.019831618294119835,0.012521550059318542,0.03347066044807434,0.030248699709773064,0.05134071037173271,0.5518895387649536,0.01568232662975788,0.021741455420851707,0.07024720311164856,0.025452107191085815,0.03407929092645645,0.03655707463622093,0.030831199139356613,0.025156140327453613,0.025371357798576355,0.015579096041619778
bottle6-chair2.png,0.045197177678346634,0.02407594956457615,0.07503560930490494,0.028093833476305008,0.05252514407038689,0.18896402418613434,0.04848046973347664,0.02968541346490383,0.11289973556995392,0.048297375440597534,0.08114884793758392,0.04393906518816948,0.022661931812763214,0.03359612077474594,0.09571593254804611,0.06968338787555695
bottle6-dog3.png,0.07262256741523743,0.05109946057200432,0.02710251696407795,0.08407633751630783,0.07787810266017914,0.08677232265472412,0.03641702979803085,0.06036924943327904,0.07958749681711197,0.017119985073804855,0.12381943315267563,0.09103668481111526,0.04181573539972305,0.03435267135500908,0.07179223001003265,0.044138144701719284
bottle6-knife3.png,0.016557898372411728,0.02219340205192566,0.1886836290359497,0.029952120035886765,0.016211939975619316,0.16353856027126312,0.046904440969228745,0.014734795317053795,0.1068975105881691,0.038591168820858,0.1203828826546669,0.11466275155544281,0.007614382542669773,0.05482758581638336,0.023001572117209435,0.035245347768068314
bottle6-oven3.png,0.014721143990755081,0.07980426400899887,0.05698389932513237,0.031469568610191345,0.03481677174568176,0.24019019305706024,0.021488338708877563,0.030373800545930862,0.06792958080768585,0.016501130536198616,0.07307865470647812,0.205557718873024,0.008889575488865376,0.05151966214179993,0.036121491342782974,0.03055414929986
bottle7-airplane3.png,0.10878312587738037,0.04828474298119545,0.037627048790454865,0.06800683587789536,0.1497228890657425,0.045269981026649475,0.061350513249635696,0.09695863723754883,0.07387693971395493,0.013249280862510204,0.05478426441550255,0.046417612582445145,0.07624848186969757,0.050176337361335754,0.05377299711108208,0.015470314770936966
bottle7-bear1.png,0.01899370551109314,0.0687234029173851,0.024841682985424995,0.0727047249674797,0.044352009892463684,0.1478479504585266,0.05764513090252876,0.067288838326931,0.11113710701465607,0.02966137044131756,0.055465344339609146,0.07680195569992065,0.08475849032402039,0.05436001718044281,0.05823124200105667,0.027187049388885498
bottle7-boat3.png,0.04118853434920311,0.05749846249818802,0.018046364188194275,0.08074003458023071,0.08683671057224274,0.1458594650030136,0.07146243751049042,0.056976526975631714,0.06255951523780823,0.011917075142264366,0.05600142106413841,0.09876053035259247,0.08237048983573914,0.06708121299743652,0.04061276465654373,0.022088464349508286
bottle7-cat2.png,0.022877918556332588,0.07963782548904419,0.020290564745664597,0.07205041497945786,0.03671236336231232,0.15953077375888824,0.04203302413225174,0.0856461450457573,0.1643284410238266,0.012827080674469471,0.02849198505282402,0.06236739084124565,0.10951990634202957,0.05463026463985443,0.024865439161658287,0.024190539494156837
bottle7-clock1.png,0.06244910880923271,0.06987188011407852,0.029802845790982246,0.09958605468273163,0.07408158481121063,0.0815516784787178,0.06702083349227905,0.11360207200050354,0.08350636810064316,0.011716144159436226,0.04525657370686531,0.08860228210687637,0.06284628063440323,0.041548699140548706,0.04460382089018822,0.023953715339303017
bottle7-elephant2.png,0.031603388488292694,0.09728539735078812,0.020297951996326447,0.0744909718632698,0.03902749344706535,0.13150973618030548,0.03910202533006668,0.07882364094257355,0.07505207508802414,0.026008374989032745,0.051477473229169846,0.12863485515117645,0.04513983055949211,0.10731805115938187,0.040011487901210785,0.014217247255146503
bottle7-keyboard2.png,0.07333838194608688,0.04149948060512543,0.04140789806842804,0.1381504088640213,0.08294472843408585,0.08065324276685715,0.08287683874368668,0.0708586797118187,0.05740156024694443,0.012312295846641064,0.10537411272525787,0.04215515777468681,0.050657421350479126,0.08211207389831543,0.02364182658493519,0.014615870080888271
bottle7-oven2.png,0.03653337061405182,0.027362819761037827,0.02094424143433571,0.03300206735730171,0.0662020817399025,0.17921070754528046,0.0696704164147377,0.04633571207523346,0.1532062143087387,0.030740004032850266,0.043635059148073196,0.02087767980992794,0.037141188979148865,0.08253921568393707,0.12093532085418701,0.03166384622454643
bottle7-truck2.png,0.06200110539793968,0.047442998737096786,0.027948403730988503,0.05980760604143143,0.13083261251449585,0.11011316627264023,0.049513187259435654,0.08513780683279037,0.09696146845817566,0.02121272124350071,0.04887573421001434,0.04298577085137367,0.06331751495599747,0.04897323623299599,0.0751214250922203,0.029755180701613426
bottle8-bicycle1.png,0.040745582431554794,0.07413659989833832,0.052247289568185806,0.0906546488404274,0.07733091711997986,0.11427286267280579,0.05201408639550209,0.09072928130626678,0.0454474575817585,0.04152706637978554,0.10149243474006653,0.029266294091939926,0.05352599173784256,0.09748005121946335,0.012392832897603512,0.0267366711050272
bottle8-bird1.png,0.06546222418546677,0.03781300410628319,0.02220197394490242,0.06923180818557739,0.1528497189283371,0.19261279702186584,0.03655505180358887,0.05129377543926239,0.07231617718935013,0.011043144389986992,0.066517673432827,0.0594194121658802,0.04808482527732849,0.06260046362876892,0.03194401413202286,0.020053941756486893
bottle8-bottle3.png,0.0543801374733448,0.03510158881545067,0.03637528792023659,0.06232241913676262,0.05825386941432953,0.27154597640037537,0.02680942416191101,0.06308244913816452,0.07404271513223648,0.02818203717470169,0.06071779131889343,0.035411980003118515,0.061060599982738495,0.0879136323928833,0.021377798169851303,0.023422252386808395
bottle8-dog2.png,0.055050287395715714,0.031010843813419342,0.06119798868894577,0.05235457047820091,0.08218608051538467,0.2678338587284088,0.024967551231384277,0.0502341203391552,0.10833193361759186,0.031088506802916527,0.06061552092432976,0.035142384469509125,0.04806159809231758,0.0541997030377388,0.021274983882904053,0.016450123861432076
bottle8-elephant3.png,0.02770110033452511,0.09300253540277481,0.05909281224012375,0.029044542461633682,0.03893747180700302,0.11057000607252121,0.08311573415994644,0.04519179090857506,0.03690558671951294,0.06516941636800766,0.05280593782663345,0.14654792845249176,0.093601755797863,0.024163344874978065,0.0348692312836647,0.05928078293800354
bottle8-keyboard3.png,0.030203580856323242,0.025309603661298752,0.03493812680244446,0.056400470435619354,0.05523408204317093,0.3164333999156952,0.03230898454785347,0.023439835757017136,0.1185191199183464,0.015113572590053082,0.12483526021242142,0.052880968898534775,0.021922176703810692,0.05170106887817383,0.019394272938370705,0.021365437656641006
bottle8-knife1.png,0.05680576711893082,0.027264105156064034,0.033978354185819626,0.03580351546406746,0.056094393134117126,0.14547748863697052,0.0728360116481781,0.07655654102563858,0.07672026008367538,0.013889661990106106,0.08410876989364624,0.04823462665081024,0.05636342614889145,0.07870762795209885,0.03644232824444771,0.10071711242198944
bottle9-bicycle1.png,0.05191214010119438,0.1060248538851738,0.030145850032567978,0.08572779595851898,0.05838332697749138,0.14820018410682678,0.04717427119612694,0.06320905685424805,0.029165277257561684,0.03433832898736,0.06235320493578911,0.07005448639392853,0.071513831615448,0.08550132066011429,0.03018750622868538,0.026108575984835625
bottle9-bottle1.png,0.044744763523340225,0.0738285556435585,0.04610216245055199,0.060648124665021896,0.03401408717036247,0.19944940507411957,0.028595810756087303,0.035612255334854126,0.060929425060749054,0.06673449277877808,0.09557905048131943,0.06621739268302917,0.0646110326051712,0.06046248972415924,0.03606800734996796,0.02640288509428501
bottle9-car3.png,0.03885067254304886,0.06657485663890839,0.020138897001743317,0.05183017626404762,0.08012542128562927,0.19221554696559906,0.05665016546845436,0.08264365792274475,0.02852209098637104,0.029738720506429672,0.0755346491932869,0.08266202360391617,0.07349975407123566,0.05311772972345352,0.042642805725336075,0.025252899155020714
bottle9-cat2.png,0.02696281671524048,0.05625596269965172,0.03221420571208,0.04110172390937805,0.04057684168219566,0.2187611311674118,0.03354906290769577,0.04905622452497482,0.14577023684978485,0.07465387880802155,0.03841841220855713,0.04978238046169281,0.10581521689891815,0.034093018621206284,0.0261650662869215,0.026823846623301506
bottle9-elephant2.png,0.02591702900826931,0.1140536367893219,0.022432558238506317,0.0557243712246418,0.03961236774921417,0.11983177065849304,0.041398338973522186,0.08014527708292007,0.07392957806587219,0.03648460656404495,0.04770002141594887,0.17294912040233612,0.043979909271001816,0.07878980040550232,0.030677106231451035,0.0163745004683733
bottle9-keyboard1.png,0.050553880631923676,0.05182114243507385,0.0307879988104105,0.0443132221698761,0.046117499470710754,0.11748780310153961,0.055703625082969666,0.1209079921245575,0.08403079211711884,0.050726309418678284,0.04911782965064049,0.04547181725502014,0.06240342929959297,0.0927959755063057,0.06265174597501755,0.03510894253849983
bottle9-oven2.png,0.029538726434111595,0.022809460759162903,0.0097962049767375,0.03617237135767937,0.026155665516853333,0.15791572630405426,0.04122120514512062,0.041418202221393585,0.22128719091415405,0.06003345176577568,0.045497603714466095,0.014052058570086956,0.027974989265203476,0.06696189939975739,0.1741255223751068,0.025039691478013992
bottle9-truck1.png,0.029979242011904716,0.07496441900730133,0.022895414382219315,0.03705256059765816,0.0829450786113739,0.24370911717414856,0.06283741444349289,0.07358397543430328,0.03697637468576431,0.04438767582178116,0.052770908921957016,0.06305062025785446,0.04320770874619484,0.05836871638894081,0.05368497595191002,0.019585827365517616
car1-airplane1.png,0.047909609973430634,0.023296937346458435,0.07038746029138565,0.027316832914948463,0.09116479009389877,0.04930555820465088,0.0613926462829113,0.031504616141319275,0.16363272070884705,0.01271005254238844,0.05332183837890625,0.03733095899224281,0.0518084317445755,0.03792959451675415,0.19017790257930756,0.05081009864807129
car1-car2.png,0.05364205688238144,0.0421241857111454,0.04357518255710602,0.06088322028517723,0.09999675303697586,0.053448401391506195,0.09593939781188965,0.07047105580568314,0.09061972796916962,0.015366983599960804,0.05738479271531105,0.03880636766552925,0.11093377321958542,0.06858524680137634,0.06494881212711334,0.03327403590083122
car1-chair3.png,0.11284523457288742,0.05075416713953018,0.05053958669304848,0.028285477310419083,0.043382205069065094,0.03764492645859718,0.06965291500091553,0.03968857228755951,0.13223659992218018,0.016879305243492126,0.044907502830028534,0.03247710317373276,0.027626043185591698,0.016044633463025093,0.06385748088359833,0.23317834734916687
car1-clock2.png,0.0263095423579216,0.03652041777968407,0.08647315204143524,0.03766828030347824,0.10949623584747314,0.11369460076093674,0.06526051461696625,0.046409349888563156,0.04686138033866882,0.09481137990951538,0.04626791551709175,0.042239394038915634,0.03783091530203819,0.049822788685560226,0.08395254611968994,0.07638160139322281
car1-dog2.png,0.04146258160471916,0.05707571282982826,0.0573752298951149,0.05098112300038338,0.15037472546100616,0.11777345836162567,0.03591301664710045,0.07701767981052399,0.07836044579744339,0.024275876581668854,0.03840683400630951,0.06550141423940659,0.07929537445306778,0.062091533094644547,0.04269449785351753,0.02140052802860737
car1-keyboard2.png,0.028984952718019485,0.023016026243567467,0.04141201451420784,0.08589408546686172,0.081664077937603,0.045524582266807556,0.12432387471199036,0.08162236958742142,0.048698101192712784,0.012932744808495045,0.16372999548912048,0.046179648488759995,0.07768150418996811,0.062093619257211685,0.042716916650533676,0.03352555260062218
car1-oven3.png,0.025866542011499405,0.024416608735919,0.03617303445935249,0.012312773615121841,0.03853202611207962,0.02725992724299431,0.05429307371377945,0.021451439708471298,0.3051145672798157,0.013773839920759201,0.04196888953447342,0.04654749110341072,0.052677251398563385,0.01996372453868389,0.2256430685520172,0.0540057010948658
car10-bicycle2.png,0.12569420039653778,0.05873638391494751,0.053735386580228806,0.0715247243642807,0.07502350211143494,0.04102259501814842,0.08130953460931778,0.06190948560833931,0.03311378136277199,0.017129022628068924,0.05349506437778473,0.0393146388232708,0.053260717540979385,0.1013190820813179,0.017596382647752762,0.11581549048423767
car10-bottle3.png,0.11037526279687881,0.036980509757995605,0.030659671872854233,0.04582282155752182,0.08642783761024475,0.18007387220859528,0.04066945239901543,0.07118038833141327,0.05568581447005272,0.016055695712566376,0.03165578469634056,0.03893149271607399,0.06794945150613785,0.06750417500734329,0.0398854985833168,0.0801423043012619
car10-car1.png,0.06297314167022705,0.07885885238647461,0.03217591717839241,0.047836195677518845,0.07183472067117691,0.047627490013837814,0.060419294983148575,0.07386977225542068,0.10251602530479431,0.016355175524950027,0.05008504167199135,0.05316421389579773,0.12489323318004608,0.05352718010544777,0.0740487203001976,0.049814995378255844
car10-chair1.png,0.22094550728797913,0.009001369588077068,0.007845702581107616,0.006459073629230261,0.09695026278495789,0.055691469460725784,0.1296415477991104,0.010212321765720844,0.0473344624042511,0.010568775236606598,0.01385854184627533,0.01503686048090458,0.04826800897717476,0.06278719753026962,0.09816812723875046,0.1672307848930359
car10-dog1.png,0.14890781044960022,0.055216964334249496,0.06762020289897919,0.035798102617263794,0.06004376336932182,0.05133868008852005,0.04480132833123207,0.09305965900421143,0.02703600376844406,0.013725734315812588,0.04334758594632149,0.03883947432041168,0.04902499169111252,0.06913985311985016,0.056845810264348984,0.14525410532951355
car10-elephant2.png,0.07907097041606903,0.05479580909013748,0.052238255739212036,0.06114654242992401,0.10265517234802246,0.07245749980211258,0.020787334069609642,0.06297697871923447,0.04593439772725105,0.024667857214808464,0.0617261603474617,0.05062589421868324,0.11876438558101654,0.0935288816690445,0.05747970566153526,0.04114414379000664
car10-keyboard2.png,0.15567874908447266,0.008124299347400665,0.05160701274871826,0.02938600443303585,0.0961105227470398,0.06570320576429367,0.0360872820019722,0.019898829981684685,0.13190245628356934,0.010958158411085606,0.03686479479074478,0.01574632339179516,0.044459518045186996,0.20209386944770813,0.031225094571709633,0.06415380537509918
car2-bird3.png,0.06454240530729294,0.03713006526231766,0.13478222489356995,0.08215958625078201,0.0494190976023674,0.04120844975113869,0.132290318608284,0.06567860394716263,0.03086317516863346,0.05621921643614769,0.04867440089583397,0.027205632999539375,0.02549716830253601,0.06199085712432861,0.05117899924516678,0.09115979820489883
car2-car3.png,0.04779078811407089,0.04376998171210289,0.09630310535430908,0.09337101876735687,0.07534909248352051,0.02411951683461666,0.16284015774726868,0.06540769338607788,0.014372128993272781,0.0574151910841465,0.029103290289640427,0.037046369165182114,0.02488061413168907,0.060379233211278915,0.030979782342910767,0.13687199354171753
car2-cat3.png,0.02184121124446392,0.08817297220230103,0.03808761388063431,0.09873368591070175,0.03471245989203453,0.050116438418626785,0.06238574534654617,0.0999281033873558,0.03763856738805771,0.04017357900738716,0.06740498542785645,0.08619755506515503,0.08129525184631348,0.03670826181769371,0.10101078450679779,0.055592749267816544
car2-chair1.png,0.011537916958332062,0.01158664096146822,0.02454989403486252,0.01182639505714178,0.033375974744558334,0.0500786267220974,0.4183851182460785,0.021552352234721184,0.021296795457601547,0.020926732569932938,0.013369285501539707,0.01581726036965847,0.03160399571061134,0.018589720129966736,0.08352694660425186,0.21197634935379028
car2-knife3.png,0.042353417724370956,0.03764770179986954,0.08888189494609833,0.02758941985666752,0.040211282670497894,0.14825759828090668,0.07368071377277374,0.07128355652093887,0.07890129834413528,0.0729091465473175,0.1340995579957962,0.03782675415277481,0.028710369020700455,0.05538276210427284,0.03210136294364929,0.030163176357746124
car3-airplane3.png,0.11330047994852066,0.02600942738354206,0.015220088884234428,0.06161411851644516,0.09150941669940948,0.032388120889663696,0.18806682527065277,0.08291447907686234,0.037614110857248306,0.007545452564954758,0.04996591806411743,0.027347752824425697,0.07483097165822983,0.09402141720056534,0.029447661712765694,0.06820376962423325
car3-bird2.png,0.11458496004343033,0.037412676960229874,0.03444381430745125,0.040537841618061066,0.04001127928495407,0.014445262961089611,0.18051376938819885,0.04707835614681244,0.022012043744325638,0.009070205502212048,0.02983139269053936,0.02906508557498455,0.0962950810790062,0.05577266216278076,0.03281913697719574,0.21610639989376068
car3-boat1.png,0.09540750086307526,0.054128341376781464,0.023894011974334717,0.07010115683078766,0.09307219833135605,0.04209660366177559,0.12171801924705505,0.0877436175942421,0.04891476035118103,0.016802694648504257,0.0632287934422493,0.033472537994384766,0.09199757128953934,0.07008573412895203,0.04263429716229439,0.0447021946310997
car3-bottle3.png,0.10976693779230118,0.05127377435564995,0.03078758902847767,0.06900999695062637,0.06874648481607437,0.06460034847259521,0.05312914028763771,0.10825944691896439,0.06408821046352386,0.013251522555947304,0.04250199347734451,0.04018108546733856,0.11452662199735641,0.06553779542446136,0.033116161823272705,0.07122278958559036
car3-dog2.png,0.09975811094045639,0.0357610322535038,0.05545993894338608,0.02952948398888111,0.12184502929449081,0.13867539167404175,0.027129676192998886,0.06856366246938705,0.0633128210902214,0.015349376015365124,0.0363750085234642,0.04016152024269104,0.0705982893705368,0.07136025279760361,0.07620054483413696,0.04991984739899635
car3-elephant3.png,0.08193928748369217,0.04878081753849983,0.05352777987718582,0.035426072776317596,0.05207987129688263,0.030989408493041992,0.1133546531200409,0.030942430719733238,0.02727808617055416,0.03483115881681442,0.023995930328965187,0.08466529846191406,0.17245209217071533,0.06674882024526596,0.06359109282493591,0.07939716428518295
car3-oven3.png,0.1033327504992485,0.01501389592885971,0.03641783073544502,0.030818738043308258,0.0747067853808403,0.024026107043027878,0.0880310907959938,0.03648914396762848,0.23702675104141235,0.010682517662644386,0.04681817442178726,0.0342031866312027,0.052929069846868515,0.07867247611284256,0.04545823484659195,0.08537331968545914
car3-truck1.png,0.08521774411201477,0.024944480508565903,0.02341635711491108,0.03073437325656414,0.07340794056653976,0.04712468758225441,0.2504040002822876,0.03800104558467865,0.03835257887840271,0.012208898551762104,0.034904927015304565,0.02524428442120552,0.1009015217423439,0.06182267889380455,0.030930466949939728,0.12238404899835587
car4-bear3.png,0.030702000483870506,0.18792419135570526,0.026289131492376328,0.1087590754032135,0.08296374976634979,0.015657473355531693,0.14856284856796265,0.06267927587032318,0.013225673697888851,0.037822578102350235,0.10233119130134583,0.05363864824175835,0.03855092450976372,0.019022366032004356,0.026074184104800224,0.04579663276672363
car4-bicycle3.png,0.08012308180332184,0.044756993651390076,0.040880654007196426,0.06994693726301193,0.11909662932157516,0.05923443287611008,0.04955514892935753,0.08158019930124283,0.058696191757917404,0.01470868568867445,0.07350460439920425,0.04042579606175423,0.11142797768115997,0.10123860090970993,0.030882922932505608,0.02394109033048153
car4-bird1.png,0.03508651256561279,0.07102422416210175,0.049323540180921555,0.1317966878414154,0.1483549177646637,0.04647526890039444,0.0471598319709301,0.0494844987988472,0.040454648435115814,0.01886080577969551,0.06817963719367981,0.127652108669281,0.041612498462200165,0.05307617038488388,0.02371646650135517,0.04774223640561104
car4-boat1.png,0.07649285346269608,0.02809298411011696,0.04662587493658066,0.07772361487150192,0.14851462841033936,0.02533082477748394,0.10495301336050034,0.0735359713435173,0.08800312131643295,0.017738495022058487,0.07243576645851135,0.02981990948319435,0.08235795050859451,0.047214262187480927,0.04472272843122482,0.03643803671002388
car4-bottle1.png,0.059215299785137177,0.04670459404587746,0.05106521397829056,0.0864001214504242,0.15200158953666687,0.03590379282832146,0.07970337569713593,0.07128018140792847,0.057850293815135956,0.026162369176745415,0.08211822062730789,0.03531000390648842,0.1005522832274437,0.037799984216690063,0.04483991116285324,0.033092714846134186
car4-car2.png,0.05169769376516342,0.027226701378822327,0.06130026653409004,0.09716233611106873,0.19434593617916107,0.03341807425022125,0.09885025769472122,0.04661573842167854,0.12293673306703568,0.01850842498242855,0.09637238085269928,0.03185441344976425,0.03897474333643913,0.041699595749378204,0.02105935662984848,0.01797732710838318
car4-cat3.png,0.037502992898225784,0.055299121886491776,0.04147608205676079,0.05922497436404228,0.051891788840293884,0.046298205852508545,0.09869523346424103,0.06590960919857025,0.028401562944054604,0.033925268799066544,0.05469581112265587,0.03980205953121185,0.05337327718734741,0.024334166198968887,0.21742838621139526,0.09174152463674545
car4-clock1.png,0.06441838294267654,0.03902489319443703,0.061332982033491135,0.052343275398015976,0.19427859783172607,0.0307430699467659,0.11841956526041031,0.04351991415023804,0.13553982973098755,0.02194129303097725,0.03925878554582596,0.024265343323349953,0.02431502752006054,0.022581059485673904,0.0781656801700592,0.04985231161117554
car4-elephant3.png,0.05580710247159004,0.05568606033921242,0.10152189433574677,0.06617473810911179,0.060947779566049576,0.05664204806089401,0.06971605122089386,0.07433052361011505,0.03656085953116417,0.05276996269822121,0.04342836141586304,0.10788155347108841,0.07974357903003693,0.06872070580720901,0.027313126251101494,0.04275565594434738
car4-oven2.png,0.0205454733222723,0.010022882372140884,0.037689223885536194,0.029757250100374222,0.03378313034772873,0.02527335286140442,0.4101627767086029,0.013038508594036102,0.046920642256736755,0.07437736541032791,0.07101979851722717,0.018647300079464912,0.022675124928355217,0.07054358720779419,0.0603620745241642,0.05518154054880142
car5-airplane3.png,0.018907791003584862,0.013707329519093037,0.01541840098798275,0.015194215811789036,0.07212824374437332,0.007569882553070784,0.5140938758850098,0.0178411602973938,0.01583169586956501,0.005997380707412958,0.012921422719955444,0.01622256636619568,0.01921495981514454,0.01032896526157856,0.05166573449969292,0.19295631349086761
car5-bear3.png,0.01930861361324787,0.20312835276126862,0.01213931106030941,0.07660478353500366,0.03160174563527107,0.0258557740598917,0.082755908370018,0.09978574514389038,0.01545499823987484,0.03856803849339485,0.07755614072084427,0.09983934462070465,0.07365669310092926,0.04564497992396355,0.06751281023025513,0.03058677725493908
car5-bottle1.png,0.05194559320807457,0.051401250064373016,0.05621407926082611,0.029342448338866234,0.04248499497771263,0.06843185424804688,0.07654067873954773,0.03846939653158188,0.03642551228404045,0.07927035540342331,0.05151427164673805,0.0742364227771759,0.14030161499977112,0.0357322059571743,0.08442175388336182,0.08326764404773712
car5-cat1.png,0.021261053159832954,0.08792906999588013,0.02071472816169262,0.05788130685687065,0.05706669017672539,0.06653272360563278,0.07233386486768723,0.07302219420671463,0.035385940223932266,0.03332444652915001,0.04464464262127876,0.1310412585735321,0.12454938143491745,0.015394528396427631,0.11147312819957733,0.04744505509734154
car5-keyboard3.png,0.019183531403541565,0.03733089193701744,0.03792925551533699,0.022673474624753,0.034431200474500656,0.0501711368560791,0.18384626507759094,0.030049892142415047,0.018018733710050583,0.250872403383255,0.09580962359905243,0.017649486660957336,0.01511451043188572,0.024647096171975136,0.10174432396888733,0.06052815169095993
car5-knife2.png,0.024102479219436646,0.041556306183338165,0.023083092644810677,0.02270885929465294,0.09804787486791611,0.05515091121196747,0.20672182738780975,0.03485242277383804,0.04639216139912605,0.020490773022174835,0.028589246794581413,0.056547943502664566,0.07417485117912292,0.025914985686540604,0.13412635028362274,0.10753988474607468
car5-oven2.png,0.018198000267148018,0.013734273612499237,0.006502972450107336,0.01252100057899952,0.01923520863056183,0.010768256150186062,0.21282455325126648,0.0076646083034574986,0.011345995590090752,0.07014232128858566,0.024642042815685272,0.010296722874045372,0.02284461446106434,0.01748513989150524,0.3292030394077301,0.2125912606716156
car5-truck3.png,0.020452966913580894,0.013499348424375057,0.008336205966770649,0.009546366520226002,0.02973172999918461,0.01138712465763092,0.40058907866477966,0.008254842832684517,0.010436116717755795,0.015858588740229607,0.023081764578819275,0.01590859517455101,0.022446945309638977,0.003781466744840145,0.06434730440378189,0.34234151244163513
car6-bear1.png,0.018350346013903618,0.06116087734699249,0.10725608468055725,0.05555379390716553,0.032936941832304,0.049508754163980484,0.08238086104393005,0.07634475082159042,0.034985918551683426,0.10341241210699081,0.06358610838651657,0.0643647164106369,0.03347134217619896,0.029832756146788597,0.1073526069521904,0.07950174808502197
car6-bicycle3.png,0.02699965424835682,0.060415126383304596,0.07118580490350723,0.040637217462062836,0.08097122609615326,0.11820448189973831,0.07958896458148956,0.05099675804376602,0.04419371113181114,0.05660529434680939,0.052826039493083954,0.04655724763870239,0.04563606530427933,0.056181054562330246,0.12653759121894836,0.042463745921850204
car6-boat1.png,0.06573266535997391,0.0880637839436531,0.1841776967048645,0.09430588036775589,0.06214818358421326,0.020173009485006332,0.11199631541967392,0.05634315684437752,0.010042266920208931,0.04257453233003616,0.07356718927621841,0.05126006528735161,0.021071970462799072,0.04753587394952774,0.026041695848107338,0.04496574401855469
car6-bottle1.png,0.029002798721194267,0.0749305784702301,0.14991921186447144,0.04597514495253563,0.035441357642412186,0.05305023118853569,0.08138944953680038,0.03631334379315376,0.02277679741382599,0.08715929090976715,0.09015604108572006,0.03992641344666481,0.03336295112967491,0.027863934636116028,0.11283398419618607,0.07989843189716339
car6-chair3.png,0.03901044279336929,0.04358465224504471,0.0936836525797844,0.06052108481526375,0.055158719420433044,0.03203672915697098,0.16647543013095856,0.03140277415513992,0.027161089703440666,0.053323205560445786,0.07365463674068451,0.047475967556238174,0.022672688588500023,0.040863290429115295,0.0691041499376297,0.14387139678001404
car6-elephant3.png,0.028982900083065033,0.07289906591176987,0.10481042414903641,0.05939950421452522,0.03865211829543114,0.05689653381705284,0.05638478696346283,0.060085613280534744,0.03185024857521057,0.08012931048870087,0.03439196199178696,0.18481144309043884,0.029373178258538246,0.07339274138212204,0.05192350968718529,0.036016639322042465
car6-knife1.png,0.03496498987078667,0.09731939435005188,0.1387472301721573,0.07317007333040237,0.05553083494305611,0.03229600563645363,0.11272472143173218,0.045893654227256775,0.01645742356777191,0.03404036536812782,0.114445760846138,0.0798187330365181,0.02167554758489132,0.036690324544906616,0.028116440400481224,0.07810849696397781
car6-truck3.png,0.017262503504753113,0.06789331883192062,0.057706672698259354,0.10920992493629456,0.056845828890800476,0.028937045484781265,0.13375869393348694,0.03003631718456745,0.008163874968886375,0.056480586528778076,0.1016499400138855,0.05126228183507919,0.061834171414375305,0.032628171145915985,0.11024702340364456,0.07608363777399063
car7-airplane2.png,0.12509407103061676,0.06270710378885269,0.04702945426106453,0.10122638940811157,0.11048214137554169,0.03307945281267166,0.07815001904964447,0.08823796361684799,0.039156001061201096,0.019860167056322098,0.060694076120853424,0.06770803779363632,0.0604998953640461,0.05706802010536194,0.026680247858166695,0.022326940670609474
car7-bear1.png,0.037164170295000076,0.0859035849571228,0.05549193173646927,0.12144166231155396,0.042445965111255646,0.03736795112490654,0.04962572827935219,0.12785594165325165,0.060473617166280746,0.03266887739300728,0.0632171556353569,0.10527731478214264,0.04339205101132393,0.06147010251879692,0.04076491296291351,0.03543906658887863
car7-bird3.png,0.02766050212085247,0.051737572997808456,0.06298092752695084,0.0652080550789833,0.09653747826814651,0.025939196348190308,0.14596068859100342,0.061972226947546005,0.021822165697813034,0.09338030219078064,0.07460613548755646,0.0805460661649704,0.05727481096982956,0.01972982846200466,0.07311802357435226,0.041526053100824356
car7-boat3.png,0.028408758342266083,0.025920217856764793,0.04341793805360794,0.041117873042821884,0.11133968085050583,0.0731414407491684,0.18393519520759583,0.02264968305826187,0.03352426737546921,0.04671511799097061,0.05370556563138962,0.03725191205739975,0.07184237986803055,0.014278476126492023,0.043985310941934586,0.16876621544361115
car7-car1.png,0.056461434811353683,0.08411329984664917,0.025946712121367455,0.07202115654945374,0.07249537110328674,0.0382365919649601,0.07159938663244247,0.09537085890769958,0.033128444105386734,0.02023434080183506,0.07212775200605392,0.08870960772037506,0.10495617240667343,0.059294771403074265,0.06286990642547607,0.042434148490428925
car7-clock1.png,0.05538396164774895,0.044037844985723495,0.05923955515027046,0.08933312445878983,0.0793120265007019,0.031152185052633286,0.12712928652763367,0.08414260298013687,0.03139115124940872,0.036503393203020096,0.05286424607038498,0.08351051062345505,0.044838108122348785,0.016559423878788948,0.0717674121260643,0.09283514320850372
car7-dog3.png,0.01567871682345867,0.0823589637875557,0.02276894450187683,0.17665304243564606,0.03486502170562744,0.012029755860567093,0.06734950840473175,0.1280755251646042,0.01441653911024332,0.03183819726109505,0.19822894036769867,0.05241356045007706,0.0610206201672554,0.010875913314521313,0.03656740486621857,0.05485934391617775
car7-elephant3.png,0.03431223705410957,0.09786632657051086,0.047133080661296844,0.07856336236000061,0.04805660620331764,0.047408055514097214,0.05103123560547829,0.08620546013116837,0.046859681606292725,0.023361900821328163,0.03979241102933884,0.18835969269275665,0.05521808937191963,0.09109193831682205,0.03086867928504944,0.03387119993567467
car7-keyboard3.png,0.017797239124774933,0.03986457735300064,0.09698350727558136,0.03882388770580292,0.0526963472366333,0.0787326917052269,0.2402401864528656,0.05074665695428848,0.032349977642297745,0.05765160918235779,0.06364277750253677,0.04377935454249382,0.046797920018434525,0.033095359802246094,0.03834129869937897,0.06845661252737045
car7-oven2.png,0.0171149093657732,0.01871388591825962,0.03602965548634529,0.03545523062348366,0.056702133268117905,0.1738608032464981,0.12316662073135376,0.03195619210600853,0.18891191482543945,0.024005962535738945,0.0483260415494442,0.03720104321837425,0.036467209458351135,0.04175899922847748,0.067962646484375,0.0623667947947979
car8-airplane3.png,0.040695760399103165,0.06459667533636093,0.045614179223775864,0.08139461278915405,0.06607621163129807,0.03251703456044197,0.17056143283843994,0.11194266378879547,0.020452722907066345,0.037286173552274704,0.060827866196632385,0.027710380032658577,0.06269233673810959,0.09204545617103577,0.041494764387607574,0.044091738760471344
car8-bear1.png,0.03473694995045662,0.05547133833169937,0.05803719162940979,0.06842067837715149,0.04848470911383629,0.04448944702744484,0.06628206372261047,0.09139137715101242,0.06177031621336937,0.035684287548065186,0.050962235778570175,0.09692768007516861,0.11986858397722244,0.06619328260421753,0.056476444005966187,0.0448034331202507
car8-bicycle2.png,0.041280072182416916,0.043200939893722534,0.06350712478160858,0.0749393105506897,0.0556492917239666,0.031016912311315536,0.1497942954301834,0.07006999850273132,0.028410620987415314,0.031018825247883797,0.022945774719119072,0.03540095314383507,0.03444723039865494,0.03542359173297882,0.06270965188741684,0.22018538415431976
car8-boat3.png,0.02708323672413826,0.055930960923433304,0.048978082835674286,0.04007282480597496,0.08410006761550903,0.05667949840426445,0.15264512598514557,0.04315144941210747,0.024691268801689148,0.05444036424160004,0.05213451385498047,0.0829109400510788,0.07359304279088974,0.028864754363894463,0.06086624041199684,0.11385765671730042
car8-cat1.png,0.0259928610175848,0.06290022283792496,0.06999007612466812,0.06477037817239761,0.05452057346701622,0.05053514987230301,0.1267646998167038,0.08716876804828644,0.03278603404760361,0.04770619422197342,0.04168764501810074,0.08893872797489166,0.07591985911130905,0.028894051909446716,0.04126429185271263,0.10016040503978729
car8-chair1.png,0.02248990349471569,0.041209977120161057,0.035358138382434845,0.02312510833144188,0.06713339686393738,0.04081057757139206,0.261235773563385,0.04847460985183716,0.0340561605989933,0.03339758142828941,0.046420272439718246,0.0557650625705719,0.13088469207286835,0.037713270634412766,0.06248265132308006,0.0594429075717926
car8-clock2.png,0.03124728985130787,0.04949542507529259,0.04796600714325905,0.06651388108730316,0.06351250410079956,0.019719818606972694,0.19103746116161346,0.08009073138237,0.011744868010282516,0.05371402949094772,0.06632432341575623,0.054490234702825546,0.0905650183558464,0.03392047807574272,0.05260361731052399,0.08705426007509232
car8-dog1.png,0.022380104288458824,0.05838020518422127,0.04128092899918556,0.07596594840288162,0.040509290993213654,0.08288084715604782,0.12938620150089264,0.08439192920923233,0.06402549147605896,0.0604049488902092,0.028783559799194336,0.054879385977983475,0.05385977029800415,0.053751975297927856,0.04683646559715271,0.10228299349546432
car8-knife2.png,0.06603217869997025,0.11086419969797134,0.028368178755044937,0.08175717294216156,0.09499576687812805,0.027951018884778023,0.08345532417297363,0.0811411589384079,0.017046190798282623,0.031210875138640404,0.04910087212920189,0.05421067774295807,0.08052375167608261,0.1263013333082199,0.024802114814519882,0.04223920777440071
car8-truck3.png,0.016710758209228516,0.019043877720832825,0.012999210506677628,0.01951347477734089,0.04315519705414772,0.03880999982357025,0.34548231959342957,0.024215560406446457,0.028157463297247887,0.02315964549779892,0.033957868814468384,0.012791208922863007,0.042206473648548126,0.014018252491950989,0.098119355738163,0.22765929996967316
car9-bicycle2.png,0.0479632131755352,0.013693436980247498,0.07545041292905807,0.016553185880184174,0.014659632928669453,0.012604469433426857,0.37684205174446106,0.012128022499382496,0.04032145440578461,0.0334700383245945,0.012530544772744179,0.02279956452548504,0.03500215709209442,0.04213786497712135,0.02471739985048771,0.2191265970468521
car9-bird1.png,0.04226990044116974,0.058112550526857376,0.03399958834052086,0.1166580319404602,0.14978592097759247,0.04578894004225731,0.09257136285305023,0.08251341432332993,0.050668228417634964,0.013841571286320686,0.05688481777906418,0.04410760477185249,0.04432271793484688,0.10383746027946472,0.0253503005951643,0.03928763046860695
car9-cat1.png,0.08903540670871735,0.028530936688184738,0.033601824194192886,0.02353077195584774,0.03833296522498131,0.05351931229233742,0.18222874402999878,0.02883496880531311,0.022277940064668655,0.021732956171035767,0.03077959641814232,0.0342140756547451,0.08696217834949493,0.06594093888998032,0.1071266159415245,0.15335075557231903
car9-clock2.png,0.025341127067804337,0.011077244766056538,0.02336551994085312,0.008455784991383553,0.011658189818263054,0.009506088681519032,0.346937894821167,0.007686627563089132,0.009434615261852741,0.010562376119196415,0.015414641238749027,0.010933473706245422,0.024856513366103172,0.0243817251175642,0.012031938880681992,0.4483562409877777
car9-keyboard2.png,0.04894237220287323,0.011871744878590107,0.044665899127721786,0.04523499310016632,0.07974652200937271,0.0661616176366806,0.24032175540924072,0.03748398646712303,0.03425469622015953,0.02050705999135971,0.10327806323766708,0.023597218096256256,0.04050733149051666,0.1406307965517044,0.014848851598799229,0.047947000712156296
car9-knife1.png,0.04445694386959076,0.014808238483965397,0.03736969456076622,0.025559766218066216,0.05736629292368889,0.020355723798274994,0.2974337637424469,0.022206062451004982,0.15430255234241486,0.011624636128544807,0.06678202003240585,0.01807476207613945,0.026826847344636917,0.04059157893061638,0.030388539656996727,0.13185258209705353
car9-truck3.png,0.029357915744185448,0.016444958746433258,0.0383736789226532,0.0234540943056345,0.06949567794799805,0.036521364003419876,0.4770488440990448,0.012857720255851746,0.034388020634651184,0.019080521538853645,0.04225347191095352,0.014324935153126717,0.016787089407444,0.017607733607292175,0.03595692664384842,0.11604712903499603
cat1-airplane1.png,0.053339842706918716,0.07482747733592987,0.03157011792063713,0.0806804820895195,0.0509071983397007,0.04044106602668762,0.032289180904626846,0.21111704409122467,0.04849402979016304,0.020048443228006363,0.08972084522247314,0.07582075893878937,0.06700737774372101,0.043334923684597015,0.021846767514944077,0.05855448171496391
cat1-bird1.png,0.03695216402411461,0.08270047605037689,0.056473564356565475,0.08859142661094666,0.10168623179197311,0.06503593176603317,0.053666483610868454,0.07329639047384262,0.021708957850933075,0.022727452218532562,0.0673501044511795,0.14611563086509705,0.035290610045194626,0.0887930691242218,0.022092310711741447,0.0375191830098629
cat1-boat1.png,0.07754145562648773,0.04688362404704094,0.032234322279691696,0.11592189967632294,0.10849376022815704,0.03448355942964554,0.05391436442732811,0.12685473263263702,0.05393031984567642,0.017750008031725883,0.09191330522298813,0.03350313380360603,0.07504825294017792,0.07438084483146667,0.028200937435030937,0.02894546277821064
cat1-car2.png,0.05112859234213829,0.05199700966477394,0.032615333795547485,0.12259117513895035,0.12010373175144196,0.03285745903849602,0.0645018219947815,0.10650794953107834,0.052787937223911285,0.021031655371189117,0.08946783095598221,0.03535594418644905,0.0787472352385521,0.08071193099021912,0.029584301635622978,0.030010078102350235
cat1-cat3.png,0.04906342923641205,0.07536657154560089,0.04194017872214317,0.07182960212230682,0.10017354041337967,0.08501580357551575,0.03568880259990692,0.1677452176809311,0.043049149215221405,0.018322309479117393,0.0661986693739891,0.05339602753520012,0.039685238152742386,0.06041855365037918,0.05842914059758186,0.033677779138088226
cat1-chair2.png,0.07083950191736221,0.04888143390417099,0.04848642274737358,0.05670220032334328,0.08186665922403336,0.03954387456178665,0.05073992535471916,0.08979978412389755,0.17957711219787598,0.01425266359001398,0.06399746239185333,0.040951747447252274,0.03652283176779747,0.035439375787973404,0.08707880228757858,0.05532027408480644
cat1-dog1.png,0.027642879635095596,0.08509979397058487,0.06083555147051811,0.05193886533379555,0.058126408606767654,0.03940144553780556,0.02464052103459835,0.3962275981903076,0.0362386554479599,0.04296484589576721,0.045030638575553894,0.055366963148117065,0.021675951778888702,0.023505384102463722,0.01556758675724268,0.01573694683611393
cat1-keyboard3.png,0.05154331773519516,0.04365980252623558,0.04387594386935234,0.11814365535974503,0.09546443074941635,0.06701555848121643,0.05409374088048935,0.0693005919456482,0.056664783507585526,0.01094089075922966,0.14110922813415527,0.04374958947300911,0.03547527268528938,0.08715203404426575,0.029725126922130585,0.05208604410290718
cat1-oven1.png,0.059683240950107574,0.06454209238290787,0.043195951730012894,0.058347754180431366,0.058934975415468216,0.030733084306120872,0.06702703982591629,0.10464739799499512,0.1347418874502182,0.014376457780599594,0.0689389631152153,0.10944832116365433,0.04980529472231865,0.043935440480709076,0.033446695655584335,0.05819538235664368
cat10-airplane3.png,0.028489012271165848,0.11723849922418594,0.0403398722410202,0.08145728707313538,0.029607700183987617,0.03145905211567879,0.06545179337263107,0.13219840824604034,0.029224636033177376,0.008535324595868587,0.13482479751110077,0.08430638909339905,0.03728891536593437,0.035441361367702484,0.015327239409089088,0.12880970537662506
cat10-bear1.png,0.04223517328500748,0.2588030993938446,0.04842284321784973,0.046545688062906265,0.037598900496959686,0.013288181275129318,0.0936659723520279,0.14484061300754547,0.018417008221149445,0.020482558757066727,0.08730005472898483,0.049295101314783096,0.026911647990345955,0.016051704064011574,0.03506975620985031,0.061071738600730896
cat10-bicycle1.png,0.08705013990402222,0.07971879839897156,0.038983240723609924,0.12320864200592041,0.06781098246574402,0.05983012542128563,0.025183120742440224,0.11385419219732285,0.061220504343509674,0.01590196043252945,0.057743266224861145,0.03352491185069084,0.07475990802049637,0.11510881036520004,0.016111962497234344,0.02998933754861355
cat10-bird2.png,0.062148913741111755,0.10401394218206406,0.04427273944020271,0.10820775479078293,0.06645899266004562,0.05931224673986435,0.042136263102293015,0.05883565917611122,0.04397870972752571,0.01223274040967226,0.07974456995725632,0.0535917691886425,0.041665926575660706,0.11131936311721802,0.029384518042206764,0.08269582688808441
cat10-bottle1.png,0.059145838022232056,0.10685712099075317,0.034115612506866455,0.05445929616689682,0.06918711960315704,0.09779538214206696,0.02804436907172203,0.09120380133390427,0.050008147954940796,0.019291168078780174,0.08791133761405945,0.048107512295246124,0.10689567029476166,0.057505615055561066,0.0382721982896328,0.05119980499148369
cat10-clock1.png,0.055902149528265,0.05862808972597122,0.03472265601158142,0.07020535320043564,0.09521885216236115,0.03457484021782875,0.024703355506062508,0.1487574577331543,0.1017938107252121,0.01588059403002262,0.06382384151220322,0.04200607165694237,0.11921405047178268,0.04786183312535286,0.06567861884832382,0.02102835848927498
cat10-elephant3.png,0.09134292602539062,0.06830251961946487,0.06268230825662613,0.057350046932697296,0.0625222772359848,0.03055829182267189,0.07422738522291183,0.05905221402645111,0.026704827323555946,0.028076427057385445,0.04806578904390335,0.09115377813577652,0.1312909722328186,0.08415111154317856,0.03518006205558777,0.04933902621269226
cat10-keyboard1.png,0.07009325921535492,0.05687998607754707,0.06348233669996262,0.11075127124786377,0.052109505981206894,0.04258675128221512,0.0927945002913475,0.06751641631126404,0.02468627132475376,0.015946894884109497,0.06409909576177597,0.07575758546590805,0.055876679718494415,0.09833808243274689,0.034531135112047195,0.07455028593540192
cat10-oven2.png,0.04856458306312561,0.014154340140521526,0.034653086215257645,0.01301327720284462,0.029033198952674866,0.04273874685168266,0.20885738730430603,0.017351139336824417,0.09436775743961334,0.014226012863218784,0.039118506014347076,0.019625317305326462,0.026778344064950943,0.0828600749373436,0.12899762392044067,0.18566066026687622
cat2-boat2.png,0.11654744297266006,0.0574537068605423,0.06739000976085663,0.06460816413164139,0.061862003058195114,0.08420639485120773,0.04271186143159866,0.07821641862392426,0.027175992727279663,0.12989240884780884,0.046456627547740936,0.05415727198123932,0.0463237538933754,0.053177595138549805,0.04891223460435867,0.02090810425579548
cat2-bottle3.png,0.0749940425157547,0.05966048315167427,0.09432850033044815,0.06303946673870087,0.05027870461344719,0.06693367660045624,0.038978591561317444,0.07900506258010864,0.03525448217988014,0.08616215735673904,0.06217491254210472,0.0894489735364914,0.06268620491027832,0.07142644375562668,0.03632016479969025,0.029308076947927475
cat2-car3.png,0.04668091610074043,0.08614596724510193,0.03960254415869713,0.05949345603585243,0.12187307327985764,0.06148480251431465,0.05681292340159416,0.08301185816526413,0.025526471436023712,0.03470899164676666,0.057031936943531036,0.12448494136333466,0.07338360697031021,0.06318465620279312,0.04175650700926781,0.024817341938614845
cat2-cat1.png,0.030252672731876373,0.0912182554602623,0.01765788346529007,0.05312122404575348,0.04762712121009827,0.0930769219994545,0.02591550722718239,0.24121592938899994,0.030034717172384262,0.050897255539894104,0.1339024007320404,0.046264830976724625,0.0793854370713234,0.02159756049513817,0.026957355439662933,0.010874978266656399
cat2-elephant1.png,0.05480874329805374,0.0709027573466301,0.041193172335624695,0.0820225402712822,0.06059574708342552,0.05752885714173317,0.054917626082897186,0.09191396832466125,0.05637860298156738,0.04542986676096916,0.06709525734186172,0.07493947446346283,0.07639472186565399,0.09883793443441391,0.04327945411205292,0.023761151358485222
cat2-knife3.png,0.0175959262996912,0.09147053956985474,0.07616405934095383,0.07611538469791412,0.02011904865503311,0.0318620540201664,0.012792256660759449,0.08829337358474731,0.028029270470142365,0.02813645452260971,0.41457343101501465,0.05009978637099266,0.014412163756787777,0.031032217666506767,0.011049803346395493,0.008254258893430233
cat2-truck3.png,0.02647099643945694,0.12110313773155212,0.013623232021927834,0.04600154608488083,0.03588243946433067,0.14727747440338135,0.027679750695824623,0.08832920342683792,0.061777278780937195,0.053227607160806656,0.1408347487449646,0.05008864775300026,0.05293836072087288,0.015086851082742214,0.08647287636995316,0.03320582956075668
cat3-bear2.png,0.01015486940741539,0.26222434639930725,0.01850004866719246,0.08796042203903198,0.0419398657977581,0.02328772470355034,0.0630522221326828,0.0970810130238533,0.02798137255012989,0.016704082489013672,0.06392970681190491,0.09211064875125885,0.07237322628498077,0.024762647226452827,0.040118973702192307,0.05781875178217888
cat3-bicycle1.png,0.0651569813489914,0.17789411544799805,0.051605623215436935,0.08082662522792816,0.05806530639529228,0.023697180673480034,0.045497287064790726,0.12196135520935059,0.01678849197924137,0.013606764376163483,0.05924391746520996,0.07944750040769577,0.05904363840818405,0.08160620182752609,0.0365213118493557,0.02903766930103302
cat3-cat1.png,0.022249067202210426,0.10663563013076782,0.027438156306743622,0.04654843732714653,0.04812844842672348,0.02688576839864254,0.03840531036257744,0.3734302818775177,0.02325667254626751,0.016892969608306885,0.03668351471424103,0.10453308373689651,0.07547635585069656,0.014712328091263771,0.01928037963807583,0.019443558529019356
cat3-elephant2.png,0.022236764430999756,0.20039990544319153,0.018769873306155205,0.037866756319999695,0.02987915650010109,0.019180970266461372,0.046265993267297745,0.06810738146305084,0.04142213240265846,0.016694556921720505,0.025036200881004333,0.22097563743591309,0.15826281905174255,0.044102758169174194,0.033532850444316864,0.01726623997092247
cat3-oven2.png,0.011930163018405437,0.012643755413591862,0.008375462144613266,0.011786413379013538,0.03222689405083656,0.016030827537178993,0.09341191500425339,0.023886730894446373,0.04508202150464058,0.013014033436775208,0.019952381029725075,0.010540764778852463,0.051304422318935394,0.0217632707208395,0.4254956841468811,0.20255529880523682
cat3-truck3.png,0.026520080864429474,0.07122340798377991,0.01871536299586296,0.0247037410736084,0.04610677808523178,0.05203598737716675,0.16468773782253265,0.062075160443782806,0.029157456010580063,0.01623792201280594,0.07999803870916367,0.07576911151409149,0.08232186734676361,0.02237948216497898,0.09500639885663986,0.1330614537000656
cat4-airplane1.png,0.0275185015052557,0.03797081485390663,0.07831277698278427,0.048526447266340256,0.05292603000998497,0.07421672344207764,0.057532068341970444,0.057927634567022324,0.07185870409011841,0.15938438475131989,0.08347845822572708,0.056489717215299606,0.04591835290193558,0.05399949848651886,0.03661953657865524,0.05732034891843796
cat4-bird2.png,0.08048232644796371,0.0685669481754303,0.057545337826013565,0.1359708458185196,0.0425945408642292,0.0419885478913784,0.045169707387685776,0.1373777836561203,0.03467540442943573,0.027229705825448036,0.07312784343957901,0.0382433645427227,0.043899890035390854,0.112728551030159,0.01171981729567051,0.048679418861866
cat4-car2.png,0.04638233780860901,0.0565156526863575,0.05282161012291908,0.13467782735824585,0.1105213388800621,0.04515134543180466,0.05506925284862518,0.07117308676242828,0.05128474533557892,0.029965821653604507,0.1481553465127945,0.02971910871565342,0.057628046721220016,0.0705513209104538,0.02224474959075451,0.018138462677598
cat4-cat3.png,0.06898117810487747,0.05372931435704231,0.03432369977235794,0.07014090567827225,0.10226306319236755,0.155751571059227,0.03248007968068123,0.09951557219028473,0.04745128005743027,0.024634500965476036,0.07204534858465195,0.03295626863837242,0.06081022322177887,0.06427673250436783,0.048300039023160934,0.03234025463461876
cat4-chair2.png,0.10664618760347366,0.02872825413942337,0.059063900262117386,0.07290151715278625,0.09102093428373337,0.07210510224103928,0.03443984314799309,0.08035243302583694,0.09894658625125885,0.02005189284682274,0.11603251844644547,0.03192099183797836,0.03790292888879776,0.07062968611717224,0.04436106979846954,0.0348961241543293
cat4-clock2.png,0.0494217649102211,0.03979095071554184,0.04939304292201996,0.06826333701610565,0.15054240822792053,0.04324832558631897,0.09530113637447357,0.10179468989372253,0.03187556192278862,0.044588133692741394,0.09280598908662796,0.02797531895339489,0.04418914392590523,0.08601298183202744,0.021262727677822113,0.05353452265262604
cat4-dog3.png,0.05432688072323799,0.048564109951257706,0.04430891200900078,0.10640604048967361,0.024684524163603783,0.021708248183131218,0.055920738726854324,0.19973112642765045,0.03609595447778702,0.013606985099613667,0.17830881476402283,0.07283414900302887,0.03309127688407898,0.014591115526854992,0.023787781596183777,0.0720333680510521
cat4-keyboard2.png,0.05032924562692642,0.03860276937484741,0.06814281642436981,0.058172084391117096,0.06407924741506577,0.09661618620157242,0.09831840544939041,0.03583917021751404,0.043993283063173294,0.02482125721871853,0.09262847155332565,0.024217750877141953,0.06346452236175537,0.09768906235694885,0.055489975959062576,0.08759573847055435
cat4-knife1.png,0.03486327826976776,0.0637027770280838,0.05016002804040909,0.07896590232849121,0.06024404242634773,0.051444850862026215,0.10351503640413284,0.08529748022556305,0.0565318688750267,0.018925096839666367,0.1837930828332901,0.04381013289093971,0.05057059973478317,0.06322680413722992,0.022608980536460876,0.032340046018362045
cat4-oven1.png,0.05979360267519951,0.029140137135982513,0.047059014439582825,0.07075135409832001,0.05066296458244324,0.028150510042905807,0.07293985038995743,0.07759403437376022,0.20002833008766174,0.011635283008217812,0.08988094329833984,0.058744143694639206,0.033142317086458206,0.05069097504019737,0.07224591821432114,0.04754069074988365
cat4-truck3.png,0.05032045394182205,0.045708004385232925,0.0384688526391983,0.0732811912894249,0.11585208028554916,0.0789642184972763,0.10073350369930267,0.03474212810397148,0.07763398438692093,0.017817119136452675,0.14561252295970917,0.022803576663136482,0.03938804566860199,0.06624030321836472,0.04317088425159454,0.04926310107111931
cat5-airplane2.png,0.12927135825157166,0.0742843747138977,0.05973706766963005,0.11599759757518768,0.1220843568444252,0.024167265743017197,0.06271679699420929,0.11204592883586884,0.04617907479405403,0.007471499033272266,0.04170774295926094,0.03119317628443241,0.07728969305753708,0.03986454755067825,0.03578672930598259,0.020202819257974625
cat5-bear2.png,0.009200680069625378,0.14168453216552734,0.023227516561746597,0.07853952050209045,0.01803498901426792,0.01358360517770052,0.04413328692317009,0.07476668059825897,0.02883117087185383,0.012921471148729324,0.06630036979913712,0.2589206099510193,0.04322417825460434,0.014194139279425144,0.07028399407863617,0.1021532490849495
cat5-bicycle3.png,0.05702170729637146,0.08040602505207062,0.04107797518372536,0.08315037190914154,0.10078772902488708,0.045493144541978836,0.04993407428264618,0.1042213886976242,0.05962192639708519,0.02023712731897831,0.04932144284248352,0.0701681450009346,0.07075560837984085,0.1095631942152977,0.03174377977848053,0.026496339589357376
cat5-boat1.png,0.06768190115690231,0.1069539487361908,0.03821117430925369,0.08160408586263657,0.05796048790216446,0.029436547309160233,0.055363550782203674,0.18575023114681244,0.029590461403131485,0.02160235494375229,0.061055976897478104,0.06643325835466385,0.06866469979286194,0.05058760568499565,0.04327249899506569,0.035831253975629807
cat5-bottle1.png,0.04882561042904854,0.09799494594335556,0.04246092587709427,0.05785514786839485,0.052536435425281525,0.03261585533618927,0.06392950564622879,0.07372524589300156,0.025417085736989975,0.029431425034999847,0.054672230035066605,0.10597339272499084,0.15148897469043732,0.041790228337049484,0.03759058192372322,0.08369240164756775
cat5-car2.png,0.048006124794483185,0.12504133582115173,0.03263498842716217,0.13079841434955597,0.07244361937046051,0.026486601680517197,0.04859462380409241,0.10895785689353943,0.01740456186234951,0.02028667740523815,0.08599870651960373,0.0862031951546669,0.06770812720060349,0.06206227466464043,0.04518090561032295,0.022192033007740974
cat5-chair3.png,0.05064908415079117,0.051656924188137054,0.02974083088338375,0.08559644222259521,0.05875809118151665,0.08813698589801788,0.053581949323415756,0.1074410006403923,0.03897574916481972,0.013791566714644432,0.05316798761487007,0.19727955758571625,0.049802619963884354,0.04543200507760048,0.025971781462430954,0.05001731589436531
cat5-dog3.png,0.006933989003300667,0.08500060439109802,0.020131638273596764,0.08579199016094208,0.03185432031750679,0.022095145657658577,0.03470345586538315,0.18020592629909515,0.02764953300356865,0.015637921169400215,0.35818690061569214,0.039697084575891495,0.03305710107088089,0.01724957302212715,0.02000441402196884,0.02180042490363121
cat5-elephant2.png,0.04105338826775551,0.05420859158039093,0.02777533046901226,0.06558649986982346,0.056617166846990585,0.06703051179647446,0.06693509221076965,0.07188482582569122,0.09459277242422104,0.022728370502591133,0.04590360447764397,0.09161403030157089,0.08243159204721451,0.15898407995700836,0.03865956887602806,0.013994541950523853
cat5-keyboard3.png,0.04596356675028801,0.08130782842636108,0.11928258836269379,0.08834920078516006,0.07332950830459595,0.02391703426837921,0.0874909982085228,0.06461521983146667,0.023919429630041122,0.04518068954348564,0.08595540374517441,0.03144760802388191,0.024541515856981277,0.0742187350988388,0.10525539517402649,0.025225188583135605
cat5-knife2.png,0.041930750012397766,0.11351897567510605,0.028360413387417793,0.047783754765987396,0.09871257096529007,0.028730174526572227,0.05061545595526695,0.11201637983322144,0.034306470304727554,0.016567572951316833,0.02652934566140175,0.08646804094314575,0.14133884012699127,0.06350050866603851,0.057813577353954315,0.051807209849357605
cat6-bear1.png,0.04682165011763573,0.15349575877189636,0.04808858782052994,0.08248761296272278,0.05085315555334091,0.042091138660907745,0.08206376433372498,0.08737268298864365,0.043803874403238297,0.027614476159214973,0.06790093332529068,0.08653291314840317,0.02559099718928337,0.03070124424993992,0.058153726160526276,0.06642743200063705
cat6-chair3.png,0.052966319024562836,0.06358551234006882,0.09641406685113907,0.05371515825390816,0.052816733717918396,0.05964561179280281,0.02752617746591568,0.10720472782850266,0.05645958334207535,0.03332168608903885,0.04360571131110191,0.08660998195409775,0.07173144072294235,0.08485034108161926,0.015079217962920666,0.09446774423122406
cat6-clock3.png,0.039738729596138,0.0869833379983902,0.08691967278718948,0.06423598527908325,0.039559505879879,0.03360791876912117,0.03479747101664543,0.16088974475860596,0.05347723886370659,0.026932017877697945,0.041343074291944504,0.19076696038246155,0.023678867146372795,0.023544082418084145,0.015356668271124363,0.07816876471042633
cat6-keyboard3.png,0.03550989180803299,0.03636311739683151,0.044638458639383316,0.04162488132715225,0.1106240376830101,0.14193905889987946,0.09399489313364029,0.04451286420226097,0.0733940526843071,0.015089050866663456,0.07055201381444931,0.08752849698066711,0.03229636326432228,0.06073635816574097,0.042036376893520355,0.06916007399559021
cat6-oven1.png,0.1078205406665802,0.0531313382089138,0.02509225159883499,0.04923351854085922,0.05108233168721199,0.03317685425281525,0.023348983377218246,0.09527432173490524,0.2255599945783615,0.008317310363054276,0.05793950334191322,0.13886353373527527,0.028306324034929276,0.027335038408637047,0.03003331646323204,0.04548482224345207
cat7-airplane2.png,0.13537651300430298,0.04167193919420242,0.032221417874097824,0.17982536554336548,0.12328892946243286,0.02794513665139675,0.02951175719499588,0.08595403283834457,0.07343645393848419,0.006722947582602501,0.08535677939653397,0.03983102738857269,0.038642290979623795,0.0554957389831543,0.021003134548664093,0.023716550320386887
cat7-boat3.png,0.07380777597427368,0.07487867027521133,0.02642703428864479,0.062251217663288116,0.054713066667318344,0.04643384739756584,0.05696260184049606,0.09896625578403473,0.061818234622478485,0.013256053440272808,0.05833512917160988,0.0546981506049633,0.12309787422418594,0.062041960656642914,0.0599055178463459,0.07240667939186096
cat7-bottle1.png,0.04398910701274872,0.14775481820106506,0.03637473285198212,0.07131664454936981,0.0432128868997097,0.060221876949071884,0.034949999302625656,0.08869607001543045,0.054172955453395844,0.014494789764285088,0.07313887029886246,0.07922868430614471,0.12880435585975647,0.02774452231824398,0.04397334158420563,0.051926348358392715
cat7-clock3.png,0.06565171480178833,0.09117528796195984,0.0616832971572876,0.0671917274594307,0.043121978640556335,0.05198270455002785,0.02638472244143486,0.17123891413211823,0.05334319919347763,0.01702282205224037,0.0413467139005661,0.1146259754896164,0.05281272903084755,0.04293888434767723,0.026500694453716278,0.07297864556312561
cat7-dog3.png,0.027655858546495438,0.0874418318271637,0.026834584772586823,0.057594235986471176,0.031796425580978394,0.02360370010137558,0.046005263924598694,0.313027560710907,0.05030960217118263,0.013371963053941727,0.17225730419158936,0.04397342726588249,0.020422345027327538,0.007047670893371105,0.03473571687936783,0.043922509998083115
cat7-elephant1.png,0.07971358299255371,0.0641501396894455,0.061766233295202255,0.09639402478933334,0.07488760352134705,0.03452809900045395,0.05283717066049576,0.09353724122047424,0.0489192008972168,0.03271200507879257,0.06235429644584656,0.04676926136016846,0.06528040021657944,0.10924733430147171,0.0275712963193655,0.049332182854413986
cat7-knife2.png,0.07061708718538284,0.03588705137372017,0.028369896113872528,0.05131756514310837,0.0847354382276535,0.04783723130822182,0.053183335810899734,0.0798318013548851,0.07978455722332001,0.017078708857297897,0.05749025195837021,0.033567555248737335,0.0725051686167717,0.16561001539230347,0.052867185324430466,0.06931716203689575
cat7-truck2.png,0.05061561241745949,0.03224778175354004,0.025727728381752968,0.03929333761334419,0.05136953294277191,0.05064178258180618,0.12203610688447952,0.039773669093847275,0.15248705446720123,0.011321634985506535,0.07063734531402588,0.050889141857624054,0.03491213172674179,0.030492477118968964,0.12348071485757828,0.11407394707202911
cat8-bear1.png,0.08602052927017212,0.054226748645305634,0.05368152633309364,0.06461729854345322,0.04054148122668266,0.09434095770120621,0.02717759646475315,0.0862707644701004,0.14472724497318268,0.04143783077597618,0.05852585658431053,0.07387419790029526,0.04344875365495682,0.06526333093643188,0.04516732692718506,0.02067856304347515
cat8-bicycle3.png,0.045044612139463425,0.05950535088777542,0.025002488866448402,0.05394991487264633,0.07960658520460129,0.10136223584413528,0.05373328551650047,0.07010907679796219,0.1074678972363472,0.020150361582636833,0.043240003287792206,0.07017798721790314,0.10193759948015213,0.10478553920984268,0.03875402361154556,0.025172989815473557
cat8-bird2.png,0.09288486838340759,0.06403449177742004,0.06196383386850357,0.10228914022445679,0.06237952038645744,0.05987497791647911,0.03584364801645279,0.1481049805879593,0.057604048401117325,0.030503859743475914,0.05158395692706108,0.07994227111339569,0.024259787052869797,0.07382538914680481,0.027318019419908524,0.027587231248617172
cat8-car2.png,0.09215238690376282,0.11842893809080124,0.022609444335103035,0.11495106667280197,0.09406714886426926,0.04226575791835785,0.05391804873943329,0.08806619048118591,0.020813658833503723,0.030415205284953117,0.07140637189149857,0.0483657605946064,0.0682978630065918,0.06625574082136154,0.052762966603040695,0.015223356895148754
cat9-bicycle1.png,0.07587484270334244,0.12597227096557617,0.03408218175172806,0.07130875438451767,0.04857421666383743,0.030942250043153763,0.052123233675956726,0.07860315591096878,0.020690331235527992,0.015229455195367336,0.06006120890378952,0.07143037766218185,0.10348697006702423,0.14366810023784637,0.032080817967653275,0.03587178885936737
cat9-bird3.png,0.168640598654747,0.085146963596344,0.06616006046533585,0.06173422187566757,0.052655961364507675,0.03976453095674515,0.028402157127857208,0.09147046506404877,0.047586843371391296,0.03690299391746521,0.06344131380319595,0.06843461841344833,0.069752037525177,0.07120965421199799,0.028003482148051262,0.020694095641374588
cat9-boat2.png,0.102410688996315,0.08730889111757278,0.06152484565973282,0.06386660039424896,0.11336410045623779,0.04713667184114456,0.0632595345377922,0.057723503559827805,0.01688169129192829,0.03746424615383148,0.051717910915613174,0.059168048202991486,0.08376483619213104,0.05580739304423332,0.04220608249306679,0.05639497935771942
cat9-bottle2.png,0.07057599723339081,0.06647209078073502,0.026797698810696602,0.04621151462197304,0.05027737095952034,0.08125509321689606,0.04288362339138985,0.06227513775229454,0.023167289793491364,0.011959376744925976,0.04112286865711212,0.0618550106883049,0.21738304197788239,0.07347516715526581,0.01553792878985405,0.10875069350004196
cat9-cat3.png,0.05112401396036148,0.04646556079387665,0.035130467265844345,0.10366581380367279,0.07983013242483139,0.04983031004667282,0.05011432617902756,0.09870120882987976,0.05470127984881401,0.029585380107164383,0.07756310701370239,0.06368352472782135,0.11478262394666672,0.062123049050569534,0.060507651418447495,0.022191498428583145
cat9-chair2.png,0.06396792083978653,0.08114369958639145,0.03677674010396004,0.1433408111333847,0.051592398434877396,0.0617576539516449,0.04194201901555061,0.08748205751180649,0.09098824113607407,0.02335653081536293,0.06112708896398544,0.051638856530189514,0.044199176132678986,0.07684114575386047,0.0441560372710228,0.03968961536884308
cat9-clock2.png,0.04287980496883392,0.07946179807186127,0.07180832326412201,0.068141870200634,0.07042322307825089,0.024570327252149582,0.07101336866617203,0.17528904974460602,0.029229499399662018,0.02208726853132248,0.07305274903774261,0.091930091381073,0.05487733334302902,0.025152171030640602,0.06337852030992508,0.03670461103320122
cat9-dog2.png,0.06352058053016663,0.03259669616818428,0.05701231583952904,0.11939437687397003,0.05816194415092468,0.11883404850959778,0.04058334231376648,0.05843983218073845,0.11847487837076187,0.02854333631694317,0.05540607497096062,0.06144032999873161,0.06209797039628029,0.06811384111642838,0.039630331099033356,0.017750104889273643
cat9-knife2.png,0.08307264745235443,0.09579475224018097,0.03206045180559158,0.060738705098629,0.09565240144729614,0.026398444548249245,0.06522228568792343,0.09037547558546066,0.03056507557630539,0.020565617829561234,0.027998050674796104,0.04926925525069237,0.1101749986410141,0.12255317717790604,0.03922382742166519,0.05033479258418083
cat9-truck1.png,0.11199051141738892,0.06234839931130409,0.03579556569457054,0.03683653101325035,0.11050067842006683,0.08318597823381424,0.06331662833690643,0.05024866387248039,0.0682460144162178,0.0392780527472496,0.05171333998441696,0.051506780087947845,0.05180690065026283,0.12354595214128494,0.03255555033683777,0.02712441422045231
chair1-airplane2.png,0.05467890948057175,0.04442484676837921,0.07416518032550812,0.08519380539655685,0.12366832792758942,0.08736530691385269,0.04033105447888374,0.04957897216081619,0.1310223937034607,0.02922428771853447,0.08395475894212723,0.045459795743227005,0.02296050451695919,0.054402098059654236,0.026272138580679893,0.047297682613134384
chair1-bear1.png,0.04779540374875069,0.059403397142887115,0.09178011119365692,0.04175522178411484,0.028203515335917473,0.09034240245819092,0.05247224122285843,0.04569629579782486,0.10280783474445343,0.04759984463453293,0.06718506664037704,0.1729443520307541,0.022145945578813553,0.021792007610201836,0.0765475183725357,0.03152879700064659
chair1-cat3.png,0.07261038571596146,0.027238305658102036,0.03373883292078972,0.03919970244169235,0.09582153707742691,0.1401240974664688,0.013152584433555603,0.02460826188325882,0.061425697058439255,0.021244794130325317,0.033563047647476196,0.012538861483335495,0.021385956555604935,0.07351525127887726,0.3035004138946533,0.026332275941967964
chair1-chair1.png,0.023540552705526352,0.016652507707476616,0.02225077711045742,0.011510876938700676,0.048454977571964264,0.11556599289178848,0.046332113444805145,0.022915571928024292,0.41523778438568115,0.028330855071544647,0.07971592247486115,0.07000136375427246,0.010148683562874794,0.021657833829522133,0.04785635694861412,0.019827859476208687
chair1-clock2.png,0.04661485552787781,0.03500950336456299,0.06924895942211151,0.03533010557293892,0.048735469579696655,0.09481857717037201,0.052346933633089066,0.04804002866148949,0.1826329231262207,0.014416353777050972,0.06718150526285172,0.06824534386396408,0.04884567856788635,0.0740414410829544,0.040698230266571045,0.07379405945539474
chair1-dog1.png,0.037369828671216965,0.08065426349639893,0.04398557171225548,0.038523416966199875,0.056204017251729965,0.24163490533828735,0.034294791519641876,0.04178917035460472,0.07530515640974045,0.02911415882408619,0.07736861705780029,0.07761580497026443,0.049362581223249435,0.04607441648840904,0.033684998750686646,0.03701825812458992
chair1-elephant1.png,0.0697910413146019,0.08798728138208389,0.05245703086256981,0.11595788598060608,0.05940929800271988,0.04365153610706329,0.038625314831733704,0.07852326333522797,0.0493774376809597,0.027591239660978317,0.08493641763925552,0.06862930208444595,0.08378081023693085,0.07071536034345627,0.031022794544696808,0.03754401579499245
chair1-oven3.png,0.01700810343027115,0.03346029669046402,0.029901009052991867,0.019258245825767517,0.04713176563382149,0.04979342222213745,0.012119142338633537,0.04249918833374977,0.49874147772789,0.011887546628713608,0.05670541152358055,0.05458410456776619,0.030717434361577034,0.021117400377988815,0.06633874773979187,0.008736738935112953
chair1-truck3.png,0.024258695542812347,0.050964999943971634,0.08341405540704727,0.029788797721266747,0.051726553589105606,0.08318325877189636,0.08504407107830048,0.03496634215116501,0.2264932245016098,0.030281158164143562,0.09262800961732864,0.08309748023748398,0.018698683008551598,0.028721235692501068,0.04231012240052223,0.034423358738422394
chair10-airplane2.png,0.082282654941082,0.060521893203258514,0.047745633870363235,0.045633647590875626,0.10331127047538757,0.06754430383443832,0.11878948658704758,0.08141667395830154,0.07485854625701904,0.0270211324095726,0.026430392637848854,0.025729013606905937,0.05046926066279411,0.03418261185288429,0.12069661915302277,0.033366937190294266
chair10-bicycle1.png,0.10459857434034348,0.07752431184053421,0.05198965221643448,0.06213953718543053,0.05450496822595596,0.0761440247297287,0.04110785573720932,0.0770203247666359,0.09949074685573578,0.02955738827586174,0.04212120920419693,0.06500966846942902,0.06678304076194763,0.06442515552043915,0.04979676753282547,0.03778680041432381
chair10-bird3.png,0.039765436202287674,0.06721845269203186,0.06954798102378845,0.059416960924863815,0.07123515754938126,0.021128656342625618,0.049699097871780396,0.05581235885620117,0.1465572863817215,0.0306856706738472,0.16569852828979492,0.020859934389591217,0.025051619857549667,0.02099153958261013,0.1234193742275238,0.03291201591491699
chair10-bottle3.png,0.12433566153049469,0.03800902143120766,0.08390165865421295,0.04954901337623596,0.03664947301149368,0.053115569055080414,0.047765959054231644,0.045910902321338654,0.1951628476381302,0.027519386261701584,0.037734370678663254,0.08194445073604584,0.034769944846630096,0.05083870142698288,0.03379959240555763,0.0589933842420578
chair10-car2.png,0.07570306211709976,0.09830674529075623,0.03242794796824455,0.06866789609193802,0.0903923436999321,0.049257583916187286,0.09774549305438995,0.07276297360658646,0.03502306342124939,0.01917751133441925,0.058291006833314896,0.06581953912973404,0.0791940987110138,0.0471615195274353,0.0875483825802803,0.022520827129483223
chair10-cat1.png,0.05082342401146889,0.07612916082143784,0.022025106474757195,0.0647238940000534,0.04628242179751396,0.04452195391058922,0.04217911139130592,0.10617297142744064,0.10264290124177933,0.021559488028287888,0.12525461614131927,0.09866559505462646,0.06540212780237198,0.029991140589118004,0.07568172365427017,0.027944322675466537
chair10-clock1.png,0.05012492462992668,0.07921092212200165,0.029056567698717117,0.062389474362134933,0.07647177577018738,0.03090756945312023,0.12188756465911865,0.08560968935489655,0.06532252579927444,0.022397469729185104,0.04104691371321678,0.07333463430404663,0.03632420301437378,0.019055163487792015,0.1587076187133789,0.04815293848514557
chair10-dog1.png,0.075091153383255,0.06497455388307571,0.05230606719851494,0.100234754383564,0.031519223004579544,0.1009543165564537,0.031697072088718414,0.09172284603118896,0.18889383971691132,0.021918516606092453,0.03954868018627167,0.04253898188471794,0.01985517330467701,0.0667933002114296,0.050976671278476715,0.020974908024072647
chair10-oven1.png,0.04236631467938423,0.04111781716346741,0.055473797023296356,0.033462584018707275,0.06124985218048096,0.0659668892621994,0.06960657984018326,0.08803155273199081,0.18568795919418335,0.041288793087005615,0.027384689077734947,0.029371777549386024,0.029703371226787567,0.033217091113328934,0.16083607077598572,0.03523486852645874
chair2-bear2.png,0.03490009531378746,0.07044774293899536,0.031840287148952484,0.04208299517631531,0.05830051004886627,0.11682999134063721,0.04929492250084877,0.0284530408680439,0.0877356305718422,0.026299431920051575,0.018855715170502663,0.22717660665512085,0.07275938987731934,0.01938370242714882,0.06595425307750702,0.04968569055199623
chair2-boat1.png,0.03048635460436344,0.008071156218647957,0.01045018807053566,0.01826121285557747,0.06237563490867615,0.032268572598695755,0.013619735836982727,0.03265971317887306,0.6203104257583618,0.007210778072476387,0.03045666590332985,0.023798897862434387,0.04237034171819687,0.01013087760657072,0.05020469054579735,0.007324738893657923
chair2-keyboard2.png,0.09635192900896072,0.019853785634040833,0.02036583609879017,0.03066827543079853,0.04492873325943947,0.09405066072940826,0.048074666410684586,0.024699760600924492,0.24137383699417114,0.008075074292719364,0.0871397852897644,0.060956232249736786,0.03634771332144737,0.06409401446580887,0.05595538392663002,0.06706428527832031
chair2-knife1.png,0.0417308434844017,0.017127826809883118,0.024070879444479942,0.02242344245314598,0.04728436842560768,0.02699841745197773,0.03176572173833847,0.031622514128685,0.49081480503082275,0.005353170912712812,0.053904905915260315,0.03337687626481056,0.06584274023771286,0.02481604553759098,0.051690567284822464,0.031176863238215446
chair3-airplane2.png,0.1960456818342209,0.07538166642189026,0.045948829501867294,0.07229530066251755,0.06563234329223633,0.050851598381996155,0.05252160131931305,0.08262310922145844,0.08070019632577896,0.024473531171679497,0.02412290684878826,0.06636136770248413,0.04443277791142464,0.07805295288562775,0.026844678446650505,0.013711427338421345
chair3-bicycle3.png,0.040147919207811356,0.030677035450935364,0.027414297685027122,0.03436386585235596,0.08123953640460968,0.11082375049591064,0.0429672971367836,0.040879592299461365,0.1463678777217865,0.017133062705397606,0.047437071800231934,0.029383312910795212,0.14027708768844604,0.07982920110225677,0.10594893246889114,0.02511012554168701
chair3-bottle3.png,0.05723904073238373,0.0340706929564476,0.04360447824001312,0.04083887115120888,0.04518705978989601,0.08051835000514984,0.05916083976626396,0.027488648891448975,0.19015194475650787,0.02263520658016205,0.036886610090732574,0.06667988002300262,0.05779745802283287,0.03932471573352814,0.12231060117483139,0.07610554993152618
chair3-car3.png,0.05120036005973816,0.07529886066913605,0.028787752613425255,0.04486985504627228,0.10286268591880798,0.05820459872484207,0.05143168941140175,0.06222638487815857,0.07189539074897766,0.014494779519736767,0.04921499267220497,0.04679615795612335,0.088677778840065,0.08689028024673462,0.14119336009025574,0.025955071672797203
chair3-dog2.png,0.027295291423797607,0.0684288889169693,0.025144042447209358,0.09227653592824936,0.049046337604522705,0.12139587104320526,0.0421992763876915,0.061824750155210495,0.14187471568584442,0.02980227768421173,0.04126815125346184,0.051741305738687515,0.06053409352898598,0.05287450924515724,0.11758311092853546,0.016710877418518066
chair3-knife1.png,0.05549291521310806,0.05879455804824829,0.023318210616707802,0.0376729741692543,0.061309173703193665,0.06530726701021194,0.09475994110107422,0.061624594032764435,0.11602272838354111,0.01481629814952612,0.047139447182416916,0.05915292352437973,0.053881123661994934,0.0684140995144844,0.14063899219036102,0.0416548065841198
chair4-bear2.png,0.030651818960905075,0.05667243152856827,0.05489329993724823,0.026687126606702805,0.023262977600097656,0.03915242478251457,0.017113391309976578,0.04758109524846077,0.03909122571349144,0.020392920821905136,0.017738094553351402,0.49477526545524597,0.04451224207878113,0.012794656679034233,0.03865550458431244,0.036025479435920715
chair4-cat2.png,0.06840816885232925,0.06369311362504959,0.07880035042762756,0.04818715900182724,0.05888991430401802,0.08031518012285233,0.02468181774020195,0.07955384999513626,0.09125789999961853,0.013784082606434822,0.042187273502349854,0.11832702904939651,0.07719781994819641,0.030440937727689743,0.08610241860151291,0.03817291557788849
chair4-chair3.png,0.04043829068541527,0.022793304175138474,0.08715203404426575,0.019183147698640823,0.06862041354179382,0.13163228332996368,0.024481983855366707,0.04376990720629692,0.19220896065235138,0.01716770976781845,0.019922541454434395,0.14791558682918549,0.02803034335374832,0.07421241700649261,0.016521615907549858,0.0659494549036026
chair4-keyboard2.png,0.07242313027381897,0.02370547689497471,0.13193321228027344,0.06241760402917862,0.03750693425536156,0.04085461050271988,0.0574529729783535,0.06576649099588394,0.1319924145936966,0.012110993266105652,0.08010595291852951,0.09124552458524704,0.028549406677484512,0.07164885103702545,0.019665172323584557,0.07262127101421356
chair4-oven2.png,0.058381665498018265,0.014337040483951569,0.05487394705414772,0.02461203932762146,0.054855719208717346,0.09201233088970184,0.01566454954445362,0.021395020186901093,0.42462342977523804,0.012046463787555695,0.026247376576066017,0.05909270420670509,0.017169300466775894,0.04527108371257782,0.06570854783058167,0.013708755373954773
chair4-truck2.png,0.12323056906461716,0.022828178480267525,0.05419169366359711,0.034123655408620834,0.055131297558546066,0.07624156773090363,0.028585318475961685,0.05700800195336342,0.17306646704673767,0.01430692058056593,0.028202062472701073,0.09509383141994476,0.04458067566156387,0.10611199587583542,0.047211889177560806,0.040085844695568085
chair5-bicycle1.png,0.11002252250909805,0.04838910698890686,0.16882187128067017,0.09204839169979095,0.04885110259056091,0.0377870537340641,0.035993583500385284,0.041066017001867294,0.0603761151432991,0.02914404310286045,0.09423254430294037,0.03525085002183914,0.04706854373216629,0.07107433676719666,0.026654580608010292,0.05321935936808586
chair5-bird1.png,0.0685616210103035,0.042505040764808655,0.027125349268317223,0.1886143535375595,0.10726182162761688,0.04848765209317207,0.04045722261071205,0.07854624092578888,0.03022995963692665,0.0196091141551733,0.0392938107252121,0.09163694083690643,0.08351530879735947,0.10158587247133255,0.026435935869812965,0.006133703980594873
chair5-boat3.png,0.10417674481868744,0.04623129591345787,0.09255616366863251,0.052955642342567444,0.04281096160411835,0.05939105525612831,0.03152071684598923,0.048558104783296585,0.08811366558074951,0.1061122789978981,0.10659731179475784,0.03272978216409683,0.049474988132715225,0.05072464793920517,0.04656503349542618,0.04148169606924057
chair5-bottle3.png,0.18723030388355255,0.021558474749326706,0.16009850800037384,0.04139396920800209,0.0403846837580204,0.038910772651433945,0.03797211870551109,0.02773525007069111,0.1280696541070938,0.02274094521999359,0.04458267241716385,0.04639270529150963,0.0464944913983345,0.050883255898952484,0.02319043129682541,0.08236177265644073
chair5-car1.png,0.08572889119386673,0.09469860047101974,0.04315292090177536,0.09203542768955231,0.0654524639248848,0.04202943667769432,0.04515455290675163,0.10142939537763596,0.034625012427568436,0.03005906753242016,0.06676816940307617,0.05696827173233032,0.0773254930973053,0.08022740483283997,0.05205778032541275,0.03228718042373657
chair5-cat3.png,0.12703634798526764,0.051937200129032135,0.09988521039485931,0.07454490661621094,0.06311410665512085,0.05249546468257904,0.032124314457178116,0.10296071320772171,0.083415687084198,0.04743853956460953,0.057423222810029984,0.04812305420637131,0.04913100227713585,0.05207620561122894,0.04268220439553261,0.015611771494150162
chair5-clock2.png,0.0601951964199543,0.02298329584300518,0.32293012738227844,0.07049306482076645,0.048978134989738464,0.015707090497016907,0.059442631900310516,0.04081767424941063,0.03633665293455124,0.042084161192178726,0.1336861401796341,0.0212217029184103,0.014664760790765285,0.0300105232745409,0.026142369955778122,0.054306477308273315
chair5-keyboard2.png,0.09316536039113998,0.054514214396476746,0.22854609787464142,0.06000391021370888,0.05655302852392197,0.035930875688791275,0.03757474198937416,0.06455396860837936,0.036311566829681396,0.03666757047176361,0.1358908712863922,0.04984056577086449,0.023295197635889053,0.03726745396852493,0.013184422627091408,0.036700114607810974
chair5-knife3.png,0.10108577460050583,0.028710706159472466,0.227523073554039,0.05042867735028267,0.037935223430395126,0.04895247891545296,0.028260450810194016,0.031570058315992355,0.11344395577907562,0.03370478004217148,0.1533595621585846,0.03222841024398804,0.013203766196966171,0.026058606803417206,0.03829730674624443,0.0352371446788311
chair5-oven2.png,0.06815128773450851,0.022062629461288452,0.03242048621177673,0.07061916589736938,0.044961631298065186,0.03788468986749649,0.04902489483356476,0.0359744168817997,0.317852646112442,0.009649467654526234,0.041686512529850006,0.011676927097141743,0.025493714958429337,0.05377032235264778,0.13874295353889465,0.040028225630521774
chair5-truck3.png,0.0776817575097084,0.065468430519104,0.09592607617378235,0.08251913636922836,0.026515541598200798,0.07787907868623734,0.027860481292009354,0.05949081480503082,0.04605800285935402,0.09959253668785095,0.11452867835760117,0.03159540891647339,0.022200211882591248,0.02401202730834484,0.06350841373205185,0.08516345918178558
chair6-bird2.png,0.2245597243309021,0.023311210796236992,0.029476476833224297,0.050339922308921814,0.03683238849043846,0.047241561114788055,0.02922878786921501,0.04970148578286171,0.10932356864213943,0.008312026970088482,0.02462264895439148,0.034612152725458145,0.11085651069879532,0.1024383157491684,0.05798916891217232,0.0611540786921978
chair6-dog1.png,0.05830339342355728,0.05753399431705475,0.030944792553782463,0.0291193425655365,0.0609872043132782,0.1248670294880867,0.05699150636792183,0.03678496554493904,0.09023859351873398,0.02237737365067005,0.04740394279360771,0.04651805758476257,0.09469787031412125,0.04233252629637718,0.13293981552124023,0.06795960664749146
chair6-elephant2.png,0.09640037268400192,0.08860592544078827,0.03652280941605568,0.05799861624836922,0.08602206408977509,0.060651447623968124,0.02301977574825287,0.07767003774642944,0.04977249726653099,0.020747847855091095,0.048951152712106705,0.0619330108165741,0.08058368414640427,0.12075956910848618,0.053375244140625,0.03698588162660599
chair6-truck2.png,0.19654390215873718,0.018519073724746704,0.0340888611972332,0.040460821241140366,0.0740600973367691,0.02700500749051571,0.12479425221681595,0.01758284494280815,0.1113056093454361,0.020181380212306976,0.028807027265429497,0.01774880290031433,0.019262127578258514,0.06992850452661514,0.057260844856500626,0.14245086908340454
chair7-airplane1.png,0.04267564415931702,0.08028331398963928,0.017010491341352463,0.049859143793582916,0.06754294037818909,0.040986888110637665,0.04190783202648163,0.13174891471862793,0.07680241018533707,0.011333964765071869,0.034430284053087234,0.040131691843271255,0.15850526094436646,0.06151849776506424,0.12263982743024826,0.022622907534241676
chair7-bird1.png,0.03988468647003174,0.05384553223848343,0.02400917187333107,0.11258992552757263,0.09331772476434708,0.03757142275571823,0.05576780065894127,0.06749354302883148,0.04758617281913757,0.009142092429101467,0.056811098009347916,0.18572548031806946,0.0679624155163765,0.08331113308668137,0.04593343660235405,0.01904836855828762
chair7-boat3.png,0.022952238097786903,0.020850662142038345,0.028287731111049652,0.020500438287854195,0.052187975496053696,0.03933752700686455,0.08336760103702545,0.02991613931953907,0.13631485402584076,0.017503365874290466,0.046967633068561554,0.023634344339370728,0.03566598892211914,0.01640721783041954,0.28031036257743835,0.14579595625400543
chair7-bottle1.png,0.025895239785313606,0.011650008149445057,0.019145013764500618,0.015291821211576462,0.02378922887146473,0.018039725720882416,0.053494516760110855,0.01890012063086033,0.49360066652297974,0.008344868198037148,0.029690753668546677,0.010249059647321701,0.10795051604509354,0.011182493530213833,0.07994949072599411,0.07282647490501404
chair7-car2.png,0.04706382751464844,0.08453207463026047,0.03812718391418457,0.0598582997918129,0.07067257165908813,0.036292437463998795,0.10028908401727676,0.10732804238796234,0.03865685313940048,0.021308070048689842,0.06646063178777695,0.04158433526754379,0.07731956988573074,0.02879190444946289,0.14219126105308533,0.039523929357528687
chair7-cat1.png,0.019411670044064522,0.024515904486179352,0.02336028963327408,0.023041434586048126,0.05599546432495117,0.039974503219127655,0.06620468199253082,0.0377284400165081,0.23559318482875824,0.017447711899876595,0.03189711272716522,0.02212914451956749,0.06295648217201233,0.011501248925924301,0.25454869866371155,0.07369402050971985
chair7-chair1.png,0.013529113493859768,0.03402576968073845,0.023444781079888344,0.014083405025303364,0.026023542508482933,0.048230260610580444,0.09776192158460617,0.058404091745615005,0.14426778256893158,0.01645401120185852,0.0507868155837059,0.0377834215760231,0.05344562605023384,0.015706708654761314,0.20684996247291565,0.1592027097940445
chair7-clock3.png,0.020619375631213188,0.04358278214931488,0.025991104543209076,0.041048482060432434,0.05506758764386177,0.03804611414670944,0.1336624026298523,0.09476061910390854,0.12176509201526642,0.015121000818908215,0.05168706178665161,0.08546248823404312,0.030386274680495262,0.017014188691973686,0.1464482992887497,0.07933709025382996
chair7-elephant1.png,0.042217403650283813,0.09419173002243042,0.026065900921821594,0.1212083101272583,0.06842051446437836,0.024558190256357193,0.04069232568144798,0.13175331056118011,0.051797058433294296,0.02125280722975731,0.055019576102495193,0.07166913151741028,0.07372633367776871,0.09836594015359879,0.05208921059966087,0.02697230875492096
chair7-knife2.png,0.042390674352645874,0.06330501288175583,0.03712852671742439,0.03960496932268143,0.06417781114578247,0.042520876973867416,0.08198343962430954,0.08472218364477158,0.11685271561145782,0.02364305779337883,0.0409548319876194,0.036908507347106934,0.11124502122402191,0.06135619431734085,0.09944292902946472,0.05376323312520981
chair7-truck3.png,0.026535728946328163,0.059354640543460846,0.0241750068962574,0.027043748646974564,0.04721585288643837,0.06243221089243889,0.07492241263389587,0.07626652717590332,0.09083428978919983,0.051005348563194275,0.0889475867152214,0.026188991963863373,0.031413838267326355,0.017878593876957893,0.22465430200099945,0.07113087177276611
chair8-airplane1.png,0.06350439041852951,0.02862785942852497,0.016042055562138557,0.02291722223162651,0.0560264028608799,0.06834341585636139,0.052981119602918625,0.04245956987142563,0.14307963848114014,0.012396679259836674,0.021493544802069664,0.01713038794696331,0.03294053673744202,0.06131262332201004,0.33012068271636963,0.030623923987150192
chair8-bear1.png,0.05225387215614319,0.06142394244670868,0.060573168098926544,0.044473811984062195,0.025841180235147476,0.08342595398426056,0.032455556094646454,0.037658967077732086,0.2869601249694824,0.055222656577825546,0.04783892259001732,0.04880573973059654,0.03627192974090576,0.05590759217739105,0.03526413440704346,0.03562241792678833
chair8-bicycle3.png,0.04036780074238777,0.029091287404298782,0.022786546498537064,0.030022507533431053,0.07105615735054016,0.15612268447875977,0.04693055525422096,0.035925839096307755,0.24529904127120972,0.01156169455498457,0.02562188170850277,0.031080568209290504,0.07414568215608597,0.10208171606063843,0.056029245257377625,0.02187684364616871
chair8-boat1.png,0.08801394701004028,0.03642440214753151,0.023020492866635323,0.03704192489385605,0.08050573617219925,0.03989623486995697,0.13927574455738068,0.05577543377876282,0.12118615210056305,0.006518248468637466,0.027173293754458427,0.031493112444877625,0.11981334537267685,0.04137428104877472,0.1006990298628807,0.05178862437605858
chair8-car1.png,0.0526307038962841,0.05690918117761612,0.0217523742467165,0.08406955003738403,0.06050243601202965,0.09048958867788315,0.0701703429222107,0.07709331065416336,0.05609184131026268,0.015715548768639565,0.058896854519844055,0.10376711934804916,0.11303089559078217,0.057687919586896896,0.05171022564172745,0.029482074081897736
chair8-chair3.png,0.059652335941791534,0.013019363395869732,0.07053332030773163,0.037285398691892624,0.03543301299214363,0.07113873958587646,0.09217042475938797,0.02652207389473915,0.16027463972568512,0.016500690951943398,0.05449126660823822,0.13206157088279724,0.024227630347013474,0.02193251997232437,0.09321844577789307,0.09153860807418823
chair8-clock3.png,0.10214688628911972,0.04112979769706726,0.08377977460622787,0.08572988212108612,0.046105943620204926,0.06084068492054939,0.04780660197138786,0.10403071343898773,0.14826983213424683,0.014014122076332569,0.0379541851580143,0.0876772478222847,0.017855169251561165,0.07535487413406372,0.02689439058303833,0.020409859716892242
chair8-elephant1.png,0.06063579395413399,0.06840360909700394,0.026298215612769127,0.10671313107013702,0.08416298776865005,0.04898088052868843,0.04022761434316635,0.05488137528300285,0.11254823952913284,0.02632821723818779,0.046095844358205795,0.051070570945739746,0.05727451294660568,0.15854069590568542,0.03891792148351669,0.018920401111245155
chair8-keyboard3.png,0.0554051399230957,0.0322885699570179,0.03332806006073952,0.14065365493297577,0.043756186962127686,0.09804130345582962,0.06410689651966095,0.08024492859840393,0.04229913651943207,0.01911151222884655,0.09917476028203964,0.060814954340457916,0.065400131046772,0.0923403650522232,0.04883032292127609,0.024204110726714134
chair8-knife2.png,0.05403907224535942,0.049406155943870544,0.017990414053201675,0.048316165804862976,0.08158620446920395,0.07613854110240936,0.06704124808311462,0.04468230903148651,0.09132075309753418,0.01955595426261425,0.030795114114880562,0.028150880709290504,0.08284132927656174,0.12928341329097748,0.15697693824768066,0.02187551185488701
chair8-oven1.png,0.02812381461262703,0.009625113569200039,0.029695406556129456,0.02052251249551773,0.04139523208141327,0.06410913169384003,0.08674092590808868,0.040148667991161346,0.39767637848854065,0.01414200384169817,0.01782759092748165,0.013927310705184937,0.025465289130806923,0.04624873772263527,0.13295932114124298,0.031392619013786316
chair9-bear1.png,0.0656764879822731,0.03996714949607849,0.07685647904872894,0.057690758258104324,0.05787406489253044,0.1391977220773697,0.031843408942222595,0.055893901735544205,0.09390263259410858,0.03972185403108597,0.07947811484336853,0.0671471506357193,0.038872335106134415,0.05534328892827034,0.06747505068778992,0.03305956348776817
chair9-bicycle3.png,0.09423331171274185,0.038683757185935974,0.03127817437052727,0.05570538714528084,0.060051433742046356,0.11808463931083679,0.024042658507823944,0.08162906020879745,0.10533279180526733,0.01416685525327921,0.06221573427319527,0.030962960794568062,0.10557709634304047,0.11637314409017563,0.028746187686920166,0.03291672095656395
chair9-bird3.png,0.09187791496515274,0.02610722742974758,0.09631035476922989,0.10961733758449554,0.04059293493628502,0.08050212264060974,0.01767081581056118,0.06408161669969559,0.09386612474918365,0.04767868295311928,0.10233806818723679,0.05085686221718788,0.04061855748295784,0.06734336912631989,0.03270037844777107,0.0378376767039299
chair9-boat2.png,0.04646601900458336,0.06789188832044601,0.06008826941251755,0.07042557746171951,0.06091229245066643,0.08800258487462997,0.021934369578957558,0.05903471261262894,0.16130933165550232,0.023828420788049698,0.0647050142288208,0.06942173093557358,0.08341403305530548,0.03859376534819603,0.05144172161817551,0.03253019601106644
chair9-bottle3.png,0.09003867954015732,0.037374623119831085,0.04547236114740372,0.07505977153778076,0.04194692522287369,0.14905986189842224,0.013172945939004421,0.05777155980467796,0.19377315044403076,0.01755274459719658,0.060351721942424774,0.04411151260137558,0.0418555811047554,0.05469461902976036,0.0376291386783123,0.0401347316801548
chair9-chair3.png,0.04699185863137245,0.025788206607103348,0.05054798722267151,0.01995493285357952,0.06497824937105179,0.2246226817369461,0.01685919798910618,0.06399743258953094,0.07612902671098709,0.017091920599341393,0.03630280867218971,0.12574215233325958,0.0627327486872673,0.09178202599287033,0.018535977229475975,0.05794273689389229
chair9-dog2.png,0.062098439782857895,0.04435199871659279,0.10716930776834488,0.0650506243109703,0.09366532415151596,0.12921887636184692,0.016448630020022392,0.05759873986244202,0.12022397667169571,0.039338819682598114,0.06903447210788727,0.04138204827904701,0.02850184217095375,0.06495187431573868,0.03779418766498566,0.02317085675895214
chair9-elephant1.png,0.06461405009031296,0.061937399208545685,0.05602215602993965,0.07090676575899124,0.06795508414506912,0.09516752511262894,0.029982950538396835,0.07749378681182861,0.073235422372818,0.02929256111383438,0.09092554450035095,0.05734636262059212,0.07584036886692047,0.08416198194026947,0.028967183083295822,0.03615085408091545
chair9-keyboard2.png,0.042389266192913055,0.02196604385972023,0.11368750035762787,0.06394881010055542,0.045404721051454544,0.12137836217880249,0.041322529315948486,0.05593230202794075,0.10280390828847885,0.020427878946065903,0.11265967786312103,0.09294538199901581,0.03259272128343582,0.08454304933547974,0.009765041060745716,0.038232773542404175
clock1-bear1.png,0.03684263303875923,0.0549277663230896,0.022714734077453613,0.16333626210689545,0.05739870294928551,0.042332425713539124,0.05876889452338219,0.09266701340675354,0.04170558601617813,0.014703996479511261,0.0397929809987545,0.0929865911602974,0.09807944297790527,0.13409142196178436,0.027496352791786194,0.0221551563590765
clock1-boat3.png,0.05941241979598999,0.07654675841331482,0.02891898714005947,0.1021607369184494,0.0991477519273758,0.03762616217136383,0.08163508027791977,0.07368968427181244,0.025365684181451797,0.022522686049342155,0.0722743347287178,0.07451190799474716,0.06424815952777863,0.0869150459766388,0.057757798582315445,0.03726677596569061
clock1-car1.png,0.07973260432481766,0.07014594227075577,0.0378558449447155,0.10302776098251343,0.08365083485841751,0.036898281425237656,0.0798337459564209,0.07723468542098999,0.025803912431001663,0.01688367873430252,0.0443556047976017,0.04813423752784729,0.10503124445676804,0.1043124571442604,0.06239604204893112,0.024703171104192734
clock1-clock2.png,0.07973820716142654,0.0389120876789093,0.05761847272515297,0.09289821982383728,0.08794653415679932,0.024623598903417587,0.1316288560628891,0.0945909172296524,0.03256276994943619,0.04989493265748024,0.051778897643089294,0.05176863446831703,0.05764370039105415,0.0842636451125145,0.03685291111469269,0.027277695015072823
clock1-dog2.png,0.04561491683125496,0.04289703443646431,0.06854737550020218,0.0957200825214386,0.07916375249624252,0.07004817575216293,0.04958534985780716,0.05873764306306839,0.07088098675012589,0.08482888340950012,0.04338369518518448,0.07323062419891357,0.05340208113193512,0.11523851752281189,0.02940518409013748,0.019315678626298904
clock1-elephant2.png,0.03885214775800705,0.07433778047561646,0.020232968032360077,0.06731235980987549,0.056909892708063126,0.06079383194446564,0.05589499697089195,0.06858551502227783,0.06272748857736588,0.029712853953242302,0.04299573600292206,0.15797460079193115,0.09430315345525742,0.10854171216487885,0.04114387929439545,0.01968103088438511
clock1-truck3.png,0.058744270354509354,0.04838980734348297,0.01592540740966797,0.07908513396978378,0.1224101111292839,0.05868349224328995,0.11593751609325409,0.0462375245988369,0.052154913544654846,0.008878516033291817,0.05829513445496559,0.05936632305383682,0.11885518580675125,0.09065116196870804,0.036544494330883026,0.029840974137187004
clock10-airplane1.png,0.011460121721029282,0.007468019146472216,0.03745472431182861,0.01640426553785801,0.007943578064441681,0.018437247723340988,0.02654317580163479,0.009595053270459175,0.01073573250323534,0.7479152083396912,0.02783738262951374,0.01003375556319952,0.007697275839745998,0.029347650706768036,0.00819339044392109,0.022933410480618477
clock10-bird3.png,0.0677429810166359,0.017259368672966957,0.025727244094014168,0.12748737633228302,0.05785145238041878,0.08771257847547531,0.1392044723033905,0.03081224113702774,0.04414365068078041,0.03036673553287983,0.19525238871574402,0.016290657222270966,0.018572881817817688,0.08723526448011398,0.030773356556892395,0.023567385971546173
clock10-boat2.png,0.02987370267510414,0.07782231271266937,0.0665961503982544,0.09555478394031525,0.061702121049165726,0.07029204815626144,0.07550634443759918,0.0787310004234314,0.047103092074394226,0.07592220604419708,0.1176508441567421,0.040960706770420074,0.04259731248021126,0.05160132050514221,0.018337709829211235,0.049748364835977554
clock10-bottle1.png,0.057666320353746414,0.08088597655296326,0.06391191482543945,0.08824143558740616,0.053674329072237015,0.07757566124200821,0.03770153596997261,0.07670149952173233,0.07263371348381042,0.03144238516688347,0.10429813712835312,0.03928234055638313,0.06681505590677261,0.07505951821804047,0.033011868596076965,0.041098300367593765
clock10-cat1.png,0.0322040319442749,0.04958104342222214,0.0676204189658165,0.09357266873121262,0.033398207277059555,0.06755249202251434,0.07174474000930786,0.10388527065515518,0.056184083223342896,0.02481338195502758,0.20137357711791992,0.070268414914608,0.03575194627046585,0.043743789196014404,0.02171579748392105,0.02659015916287899
clock10-clock3.png,0.01329286489635706,0.014331694692373276,0.06537921726703644,0.02081441693007946,0.009921172633767128,0.02648000605404377,0.043213777244091034,0.015466093085706234,0.014279183931648731,0.6596691608428955,0.019163625314831734,0.022872833535075188,0.012920779176056385,0.028072107583284378,0.009944499470293522,0.024178551509976387
clock10-dog3.png,0.043028995394706726,0.06592772156000137,0.06750275939702988,0.0929165780544281,0.020040394738316536,0.02648850530385971,0.13648052513599396,0.06710298359394073,0.04298678785562515,0.03501426801085472,0.14045637845993042,0.05666094273328781,0.04508092626929283,0.020560791715979576,0.05819369852542877,0.08155769854784012
clock10-knife3.png,0.04515703767538071,0.045474834740161896,0.058539099991321564,0.10704253613948822,0.06236790493130684,0.08326960355043411,0.03793548792600632,0.06795234978199005,0.05102584883570671,0.01576724648475647,0.1925029754638672,0.0685691088438034,0.029760774224996567,0.06319893151521683,0.04693789407610893,0.024498427286744118
clock10-oven2.png,0.03595966100692749,0.017388369888067245,0.03601301461458206,0.041862327605485916,0.05981314927339554,0.10603536665439606,0.175993412733078,0.030546260997653008,0.0682155042886734,0.04896029829978943,0.06043066456913948,0.028698330745100975,0.02608426660299301,0.12346581369638443,0.09769624471664429,0.04283725470304489
clock10-truck2.png,0.0321536511182785,0.015853160992264748,0.04400014132261276,0.0405108705163002,0.0651702731847763,0.052961524575948715,0.21771225333213806,0.025349566712975502,0.09129751473665237,0.030840329825878143,0.1670994758605957,0.022371778264641762,0.021569306030869484,0.1043677031993866,0.0314318910241127,0.03731058910489082
clock2-bear2.png,0.0004976241616532207,0.0002193405234720558,0.0020744544453918934,0.0005541147547774017,0.0008650384843349457,0.0006357214297167957,0.0004755941918119788,0.0003135092556476593,0.0004799409653060138,0.9907019138336182,0.000211167978704907,0.0011040979297831655,0.0003333932545501739,0.0006296929204836488,0.0006463015452027321,0.0002579875581432134
clock2-bicycle1.png,0.0013870057882741094,0.0011824460234493017,0.0060482025146484375,0.001662944327108562,0.0016334953252226114,0.0013479376211762428,0.0023498127702623606,0.0017498934175819159,0.0009934799745678902,0.972938060760498,0.001594088040292263,0.0010288105113431811,0.0013070710701867938,0.002613601041957736,0.0010835308348760009,0.0010796368587762117
clock2-bottle3.png,0.0005026583094149828,0.00040765892481431365,0.013373201712965965,0.0008295575389638543,0.0008576791151426733,0.0011208461364731193,0.001205789390951395,0.0009529304807074368,0.000654862669762224,0.9763686656951904,0.0009179287008009851,0.000536021136213094,0.00039861464756540954,0.0009545926586724818,0.0003240454534534365,0.0005949783371761441
clock2-clock3.png,0.0004478914197534323,0.0005350022111088037,0.002150436397641897,0.000699821044690907,0.0005553164519369602,0.001055087661370635,0.0010358922882005572,0.00043295297655276954,0.0006393418298102915,0.9866693019866943,0.0010825492208823562,0.0007179988897405565,0.0006544677307829261,0.0014026198768988252,0.0011290328111499548,0.0007922671502456069
clock2-dog1.png,0.0001853897556429729,0.00013002651394344866,0.002253561280667782,0.00016565065016038716,0.00030088602215982974,0.00028879576711915433,0.0003307471051812172,0.00018568277300801128,0.0002497910463716835,0.9943093061447144,0.0001243874430656433,0.0005142417503520846,0.0001636138476897031,0.00034764394513331354,0.000321718369377777,0.00012849034101236612
clock2-elephant2.png,0.0007275476818904281,0.0006133212591521442,0.004773310385644436,0.0010791294043883681,0.0014970751944929361,0.0010010820114985108,0.0006930537056177855,0.0008510859915986657,0.0008403362589888275,0.9814609885215759,0.0003709788725245744,0.001631920225918293,0.0008144989260472357,0.0021048584021627903,0.0010847802041098475,0.00045594421681016684
clock2-knife1.png,0.0007118653738871217,0.0006454088725149632,0.004811626393347979,0.000787265773396939,0.0010281975846737623,0.0010981026571244001,0.0012099004816263914,0.0006403881125152111,0.0008131467620842159,0.9823340177536011,0.0010887588141486049,0.0007606682484038174,0.000703866477124393,0.0014136451063677669,0.0010309184435755014,0.000922243227250874
clock3-bear3.png,0.01712779887020588,0.028428470715880394,0.15804031491279602,0.09178491681814194,0.019590647891163826,0.030216019600629807,0.03837953135371208,0.038726840168237686,0.03958491235971451,0.2908512055873871,0.04744500294327736,0.09838851541280746,0.008261042647063732,0.027782747521996498,0.023288263007998466,0.04210381582379341
clock3-bicycle2.png,0.019717110320925713,0.0060348352417349815,0.06766153872013092,0.0349334292113781,0.011477284133434296,0.02310122549533844,0.014855243265628815,0.020601432770490646,0.011996163986623287,0.6867862939834595,0.013007402420043945,0.011507144197821617,0.013476354070007801,0.022283505648374557,0.025006718933582306,0.01755427196621895
clock3-bird1.png,0.023399068042635918,0.022776488214731216,0.03937581181526184,0.13016104698181152,0.1255701631307602,0.05895767733454704,0.08603636175394058,0.052737269550561905,0.017142537981271744,0.14566431939601898,0.049731045961380005,0.09191231429576874,0.05515811964869499,0.04523145407438278,0.04060407727956772,0.01554219052195549
clock3-car2.png,0.01828286238014698,0.005908690392971039,0.1205751895904541,0.01808886043727398,0.008525249548256397,0.008385329507291317,0.006405928172171116,0.006405829917639494,0.003337816335260868,0.7634679079055786,0.01390499621629715,0.00434869434684515,0.003171267220750451,0.007712182123214006,0.007058277726173401,0.0044208699837327
clock3-cat1.png,0.0033726985566318035,0.001630599144846201,0.02144375443458557,0.0044273692183196545,0.004039853811264038,0.008192090317606926,0.004674039781093597,0.0041605448350310326,0.005154602229595184,0.9202327728271484,0.0035038390196859837,0.0026489964220672846,0.004902128130197525,0.0035508256405591965,0.005298938136547804,0.0027670266572386026
clock3-dog2.png,0.008708629757165909,0.01475901622325182,0.04080253839492798,0.017636137083172798,0.01687154918909073,0.0633450597524643,0.01564144901931286,0.024159571155905724,0.02273665927350521,0.6780710220336914,0.019138772040605545,0.016776124015450478,0.015207360498607159,0.009627433493733406,0.024700354784727097,0.01181839406490326
clock3-elephant3.png,0.025497794151306152,0.021929362788796425,0.0972905084490776,0.03940913453698158,0.04011493921279907,0.09645002335309982,0.043049946427345276,0.03798961266875267,0.04894595220685005,0.2322937399148941,0.02700144425034523,0.07823000848293304,0.045760080218315125,0.058410611003637314,0.06423072516918182,0.04339610040187836
clock3-keyboard3.png,0.014421701431274414,0.009271332062780857,0.13203151524066925,0.027148079127073288,0.018895087763667107,0.06317310780286789,0.041044022887945175,0.01732180267572403,0.02222331613302231,0.4668406844139099,0.09891428053379059,0.012331400997936726,0.004934884607791901,0.0320172943174839,0.027786696329712868,0.011644680984318256
clock4-airplane1.png,0.0007483841618523002,0.0006153669091872871,0.001758564612828195,0.0007440464105457067,0.001057964633218944,0.0008122335420921445,0.0009930150117725134,0.0006749382009729743,0.0005900508840568364,0.9854781627655029,0.001179149141535163,0.0008390555158257484,0.0008496821974404156,0.001414560480043292,0.001452764612622559,0.0007920347852632403
clock4-bird3.png,0.0007645427249372005,0.0007434524013660848,0.002853290643543005,0.000922942184843123,0.0014858323847875,0.00233099446631968,0.0027967344503849745,0.0008069268660619855,0.000932925206143409,0.9754011631011963,0.0018404836300760508,0.0009735734784044325,0.001276296330615878,0.001976094441488385,0.003741662483662367,0.0011529407929629087
clock4-boat3.png,0.02126762829720974,0.05350929871201515,0.030756399035453796,0.04323489964008331,0.04445385932922363,0.05757202208042145,0.2083512842655182,0.03140701353549957,0.06484662741422653,0.0717124342918396,0.05162196606397629,0.04505880922079086,0.05917169898748398,0.017051832750439644,0.13080093264579773,0.06918326020240784
clock4-bottle3.png,0.040709979832172394,0.037903327494859695,0.0743636041879654,0.08034905791282654,0.043701428920030594,0.04216093197464943,0.09265796095132828,0.03645746409893036,0.1008928194642067,0.22852331399917603,0.05396469682455063,0.02242843620479107,0.021116137504577637,0.04207737371325493,0.04039248079061508,0.04230106994509697
clock4-car2.png,0.04162346571683884,0.05202941596508026,0.028302686288952827,0.06884656101465225,0.12221749126911163,0.026270629838109016,0.15826869010925293,0.05736635997891426,0.10891232639551163,0.044961657375097275,0.06299814581871033,0.04156086593866348,0.05697818100452423,0.01987297646701336,0.0683656707406044,0.04142488166689873
clock4-chair1.png,0.03042861819267273,0.015586007386446,0.0394701212644577,0.02313200570642948,0.07253128290176392,0.017492083832621574,0.3636496365070343,0.022549321874976158,0.08655603229999542,0.09259148687124252,0.08521264791488647,0.018690919503569603,0.02299106866121292,0.04063389077782631,0.04361356422305107,0.02487136609852314
clock4-elephant2.png,0.02981826663017273,0.09962524473667145,0.08426778763532639,0.059740833938121796,0.05605979263782501,0.0480034276843071,0.03527025505900383,0.06122077628970146,0.028278252109885216,0.1993696540594101,0.040792930871248245,0.11767199635505676,0.03647135570645332,0.04858836904168129,0.02888038195669651,0.02594064734876156
clock4-knife1.png,0.03186068311333656,0.01620810106396675,0.047080233693122864,0.022125907242298126,0.030480116605758667,0.03266431391239166,0.1388140171766281,0.02601761929690838,0.11194679141044617,0.2967897057533264,0.03726242482662201,0.027880115434527397,0.021453246474266052,0.034827567636966705,0.08399918675422668,0.04058997705578804
clock4-oven1.png,0.005578266456723213,0.002874788362532854,0.009117793291807175,0.007681346032768488,0.012521891854703426,0.005331249441951513,0.01046025287359953,0.0044215028174221516,0.008463755249977112,0.8771117925643921,0.006208639591932297,0.004035498946905136,0.007989137433469296,0.006294922903180122,0.026344463229179382,0.005564643070101738
clock5-airplane1.png,0.0283329039812088,0.015378836542367935,0.030013862997293472,0.040164515376091,0.023697122931480408,0.02347005344927311,0.019067859277129173,0.023802796378731728,0.0166464913636446,0.6593862771987915,0.021565651521086693,0.019491422921419144,0.018700888380408287,0.01793425716459751,0.022895684465765953,0.019451318308711052
clock5-bicycle1.png,0.0020927481818944216,0.00027542244060896337,0.019243991002440453,0.0022976321633905172,0.000728667073417455,0.0015698561910539865,0.0009732188191264868,0.000865630921907723,0.000312035292154178,0.9670000076293945,0.0010121578816324472,0.0005477366503328085,0.0003230629663448781,0.000904407468624413,0.0011735230218619108,0.0006799299735575914
clock5-chair3.png,0.011519622057676315,0.003655832726508379,0.07446569949388504,0.014490654692053795,0.008000302128493786,0.02064092829823494,0.006842744071036577,0.005670489277690649,0.00479090865701437,0.8148391246795654,0.009689386002719402,0.004464281257241964,0.0032495874911546707,0.010429386980831623,0.0032705310732126236,0.003980513196438551
clock5-clock2.png,0.0017746095545589924,0.0006843361188657582,0.002682555466890335,0.002904023975133896,0.0013933705631643534,0.0022114089224487543,0.0017810038989409804,0.0015029249479994178,0.001114308019168675,0.9753980040550232,0.0018831873312592506,0.000724033045116812,0.001490366063080728,0.001058993861079216,0.002050225157290697,0.0013468085089698434
clock5-elephant2.png,0.021606603637337685,0.07437268644571304,0.02430279366672039,0.06428099423646927,0.029101116582751274,0.03092491440474987,0.025134379044175148,0.031123213469982147,0.018642539158463478,0.34731265902519226,0.03548702225089073,0.15700535476207733,0.02878653071820736,0.0455361008644104,0.0556739866733551,0.010709121823310852
clock5-keyboard1.png,0.00617879256606102,0.0009454292012378573,0.07920335233211517,0.007049563340842724,0.0028305617161095142,0.008296736516058445,0.004311292432248592,0.0030870065093040466,0.003047398291528225,0.8653725385665894,0.004475529305636883,0.0013635809300467372,0.001557658426463604,0.005192479584366083,0.00534522719681263,0.0017427746206521988
clock5-oven1.png,0.007524627726525068,0.0038615278899669647,0.017833830788731575,0.007017801981419325,0.0064459554851055145,0.008399941958487034,0.006420898251235485,0.004077801946550608,0.00381431239657104,0.9062612652778625,0.006715158466249704,0.002800895832479,0.0037143949884921312,0.006649884395301342,0.006053994409739971,0.0024077785201370716
clock6-bicycle1.png,0.014640369452536106,0.012681644409894943,0.05580466240644455,0.03838906064629555,0.015095580369234085,0.016797732561826706,0.028254393488168716,0.02632681094110012,0.009773780591785908,0.6747192740440369,0.03481728956103325,0.007972943596541882,0.01583295315504074,0.03312567621469498,0.005742000415921211,0.010025698691606522
clock6-bird3.png,0.006330582778900862,0.008094679564237595,0.02554255537688732,0.014615891501307487,0.007620408199727535,0.012083107605576515,0.011787212453782558,0.009703166782855988,0.0036831614561378956,0.8310620188713074,0.03276261314749718,0.0050027379766106606,0.0048475186340510845,0.010978950187563896,0.008397484198212624,0.007487887050956488
clock6-bottle1.png,0.03331190347671509,0.0506708025932312,0.09015744179487228,0.061802539974451065,0.05107634514570236,0.06488415598869324,0.05888693779706955,0.06095760315656662,0.032075185328722,0.2262631356716156,0.08014065027236938,0.029442358762025833,0.05817960575222969,0.04437314346432686,0.027673965319991112,0.03010421060025692
clock6-car2.png,0.03082519955933094,0.04013315588235855,0.09991166740655899,0.10419406741857529,0.0628863200545311,0.02369934320449829,0.10377329587936401,0.05882852151989937,0.019560612738132477,0.2402750849723816,0.07309003174304962,0.02584754303097725,0.027078963816165924,0.05045231431722641,0.01893015019595623,0.020513692870736122
clock6-chair3.png,0.025401921942830086,0.04325544461607933,0.05724067986011505,0.05304764211177826,0.04440804943442345,0.06354924291372299,0.10666267573833466,0.03857951611280441,0.03926282376050949,0.21706271171569824,0.10286837071180344,0.049898661673069,0.02725311554968357,0.03619055449962616,0.036314770579338074,0.05900381878018379
clock6-clock2.png,0.0029972754418849945,0.005243070889264345,0.013344964012503624,0.006088754162192345,0.005412460304796696,0.00408843532204628,0.010548614896833897,0.0042847394943237305,0.0013993453467264771,0.9154409170150757,0.009703604504466057,0.002695557428523898,0.0031868687365204096,0.005529083777219057,0.005563847720623016,0.004472493194043636
clock6-knife2.png,0.044685788452625275,0.025610951706767082,0.06288804113864899,0.09166955202817917,0.07959410548210144,0.03928254172205925,0.12082976847887039,0.06328927725553513,0.04011630639433861,0.0999712124466896,0.1538500040769577,0.021233562380075455,0.027772067114710808,0.06553032994270325,0.024444997310638428,0.039231471717357635
clock6-oven1.png,0.016765868291258812,0.02742602303624153,0.043141115456819534,0.10879413783550262,0.04768378660082817,0.016416385769844055,0.14981549978256226,0.04312966763973236,0.0113166319206357,0.1950046420097351,0.08371193706989288,0.016039200127124786,0.03374732285737991,0.028847305104136467,0.14355221390724182,0.03460826724767685
clock6-truck3.png,0.015583205036818981,0.02892565168440342,0.031835563480854034,0.046265702694654465,0.08591664582490921,0.02497244067490101,0.3251863420009613,0.035254597663879395,0.028859714046120644,0.148390531539917,0.10228326916694641,0.012701286934316158,0.015656277537345886,0.023064617067575455,0.04073844105005264,0.034365683794021606
clock7-bear2.png,0.02317318320274353,0.009155076928436756,0.08377433568239212,0.04024837538599968,0.02159871533513069,0.04068489000201225,0.021768765524029732,0.026760650798678398,0.04181773215532303,0.5336907505989075,0.03224493935704231,0.015342245809733868,0.006357359234243631,0.02110714092850685,0.06283789873123169,0.01943797804415226
clock7-bicycle1.png,0.04055527225136757,0.008045187219977379,0.02638506330549717,0.041128188371658325,0.016191957518458366,0.03815948963165283,0.026363592594861984,0.016818830743432045,0.010067240335047245,0.6250177025794983,0.04143078252673149,0.010863862000405788,0.01166878454387188,0.043749380856752396,0.03031214512884617,0.013242505490779877
clock7-boat3.png,0.0640302449464798,0.018659682944417,0.04983166605234146,0.06199851259589195,0.024794748052954674,0.07337340712547302,0.05426359921693802,0.018701301887631416,0.03538968786597252,0.18502818048000336,0.06383126229047775,0.03518947213888168,0.0193812046200037,0.03780229389667511,0.21838922798633575,0.03933548554778099
clock7-bottle2.png,0.08388794958591461,0.020250895991921425,0.07203704118728638,0.1159021332859993,0.018443364650011063,0.03370648995041847,0.05379869416356087,0.027579335495829582,0.020570576190948486,0.1860259473323822,0.13208502531051636,0.02075774036347866,0.009987758472561836,0.08707895129919052,0.07624642550945282,0.0416417196393013
clock7-car1.png,0.06988682597875595,0.02218441292643547,0.053942982107400894,0.06345859169960022,0.04093380272388458,0.04773612320423126,0.04800601303577423,0.04337901249527931,0.016593946143984795,0.37633219361305237,0.06322778761386871,0.03092925436794758,0.02013782411813736,0.028346456587314606,0.05908074229955673,0.01582401804625988
clock7-cat2.png,0.02007395774126053,0.009914987720549107,0.06804926693439484,0.03702379763126373,0.026328766718506813,0.04652069881558418,0.021975308656692505,0.030703535303473473,0.024530068039894104,0.6099578142166138,0.018911173567175865,0.016900788992643356,0.013490572571754456,0.022590333595871925,0.02228294499218464,0.010745955631136894
clock7-dog2.png,0.0044999560341238976,0.002305138623341918,0.015621554106473923,0.004615725949406624,0.005659047048538923,0.013210990466177464,0.00468834862112999,0.005270475056022406,0.012811494059860706,0.900745153427124,0.00640204269438982,0.0024397752713412046,0.0036852811463177204,0.0032542904373258352,0.011693081818521023,0.003097566543146968
clock7-keyboard2.png,0.0320705771446228,0.008811493404209614,0.035895783454179764,0.039953798055648804,0.025409957394003868,0.064659483730793,0.10278572142124176,0.028966132551431656,0.037597719579935074,0.3586709201335907,0.04127940163016319,0.009346719831228256,0.015974631533026695,0.04419364035129547,0.11611870676279068,0.03826533257961273
clock7-truck3.png,0.020963095128536224,0.013262522406876087,0.026871776208281517,0.02962951920926571,0.014709379523992538,0.02552768588066101,0.23065230250358582,0.008175598457455635,0.011721285991370678,0.2635307312011719,0.07828523218631744,0.013348128646612167,0.0070727248676121235,0.0030958987772464752,0.08731470257043839,0.16583943367004395
clock8-airplane2.png,0.03604536131024361,0.015582778491079807,0.19356022775173187,0.06398319453001022,0.031841129064559937,0.0293569378554821,0.021037615835666656,0.033158112317323685,0.00831330195069313,0.46762150526046753,0.035192158073186874,0.008142050355672836,0.009112686850130558,0.018554845824837685,0.016125595197081566,0.012372472323477268
clock8-bear2.png,0.0036200149916112423,0.007503034081310034,0.017273355275392532,0.010939846746623516,0.007568919565528631,0.038415808230638504,0.010728716850280762,0.01241238135844469,0.013576777651906013,0.8197201490402222,0.010397553443908691,0.011031449772417545,0.008678875863552094,0.0065476312302052975,0.011621353216469288,0.009964155964553356
clock8-boat1.png,0.021889787167310715,0.012527309358119965,0.04129313305020332,0.02159814164042473,0.0168759822845459,0.01876308023929596,0.018694017082452774,0.012921697460114956,0.004339182283729315,0.7697170972824097,0.01658368669450283,0.004384439904242754,0.006588584743440151,0.009333912283182144,0.016795983538031578,0.007693982217460871
clock8-cat1.png,0.010693487711250782,0.019388165324926376,0.0471000000834465,0.01926565170288086,0.015682091936469078,0.051346149295568466,0.014960722997784615,0.026054471731185913,0.01738452911376953,0.6726413369178772,0.03359458968043327,0.025034233927726746,0.01630200818181038,0.00855970662087202,0.012492154724895954,0.009500700049102306
clock8-chair2.png,0.01646355167031288,0.012911668978631496,0.025318380445241928,0.014153901487588882,0.017263328656554222,0.046643804758787155,0.018246257677674294,0.02470386028289795,0.02382211945950985,0.6909247636795044,0.030030280351638794,0.011532550677657127,0.015450655482709408,0.008162290789186954,0.024132072925567627,0.020240526646375656
clock8-keyboard1.png,0.008275872096419334,0.012398632243275642,0.042416222393512726,0.020161831751465797,0.016862038522958755,0.12302514910697937,0.02351680025458336,0.03965858742594719,0.02850157395005226,0.566506028175354,0.02439527027308941,0.02601381205022335,0.018762312829494476,0.019009049981832504,0.01814194954931736,0.012354820966720581
clock8-knife1.png,0.007247081492096186,0.004208071622997522,0.030168229714035988,0.008644305169582367,0.004677466116845608,0.01501904521137476,0.008554547093808651,0.0072446176782250404,0.004740369040518999,0.8648416996002197,0.012166725471615791,0.0037736359518021345,0.0033981564920395613,0.0034000659361481667,0.014197136275470257,0.007718775887042284
clock8-oven3.png,0.00583929056301713,0.018069641664624214,0.03296101465821266,0.015148949809372425,0.020633677020668983,0.04256551340222359,0.013152532279491425,0.026819026097655296,0.014604729600250721,0.6836451888084412,0.03292391076683998,0.00848868303000927,0.014306708239018917,0.00933415349572897,0.0442245788872242,0.017282376065850258
clock8-truck2.png,0.0075510540045797825,0.012409630231559277,0.03078654035925865,0.01106272917240858,0.010375498794019222,0.03544551134109497,0.012283548712730408,0.021785268560051918,0.009694959037005901,0.769005298614502,0.02424643374979496,0.00530686741694808,0.004850441124290228,0.009283558465540409,0.022371871396899223,0.013540779240429401
clock9-airplane1.png,0.008894813247025013,0.012269685976207256,0.03248981758952141,0.01977391727268696,0.010133923962712288,0.01005623023957014,0.012030544690787792,0.01475547906011343,0.008410508744418621,0.7894310355186462,0.02275373972952366,0.01470226887613535,0.00874647032469511,0.013974487781524658,0.01033871155232191,0.011238431558012962
clock9-bird2.png,0.0179576575756073,0.027270441874861717,0.054702553898096085,0.03654295578598976,0.019287284463644028,0.01746697910130024,0.06079420447349548,0.02404688112437725,0.014290914870798588,0.5579032301902771,0.02913324534893036,0.054881367832422256,0.016948992386460304,0.021870777010917664,0.016600314527750015,0.0303021389991045
clock9-cat1.png,0.03876136988401413,0.026422832161188126,0.09434622526168823,0.051588792353868484,0.03835618123412132,0.02722005546092987,0.06666325777769089,0.06286661326885223,0.05748782306909561,0.3048512637615204,0.07165831327438354,0.04010224714875221,0.02847965806722641,0.011222380213439465,0.051827073097229004,0.028145940974354744
clock9-chair3.png,0.05354655534029007,0.027711350470781326,0.15963657200336456,0.04725594073534012,0.05895563215017319,0.020653817802667618,0.13171955943107605,0.043363772332668304,0.024581527337431908,0.0714702382683754,0.0766768604516983,0.0643688440322876,0.02003956027328968,0.0883745402097702,0.018913105130195618,0.09273213148117065
clock9-keyboard2.png,0.01727013662457466,0.028228778392076492,0.030346963554620743,0.08381795138120651,0.07114621251821518,0.0675116702914238,0.17300458252429962,0.038564521819353104,0.02668471448123455,0.025234071537852287,0.22707730531692505,0.04227876663208008,0.019910382106900215,0.06559252738952637,0.02717321552336216,0.05615812912583351
dog1-airplane3.png,0.04023885354399681,0.037155792117118835,0.02789946272969246,0.07775803655385971,0.031231824308633804,0.0374978668987751,0.06229468435049057,0.06525968015193939,0.06530241668224335,0.009341486729681492,0.30368584394454956,0.07779685407876968,0.0320635624229908,0.035920776426792145,0.027734464034438133,0.06881836801767349
dog1-bear1.png,0.03390604257583618,0.16894982755184174,0.03327590972185135,0.06398356705904007,0.03198252245783806,0.03938458114862442,0.09251044690608978,0.060847386717796326,0.02878461964428425,0.01630166545510292,0.18746817111968994,0.06804852932691574,0.052942246198654175,0.021214662119746208,0.038513969630002975,0.061885833740234375
dog1-bird1.png,0.03953999653458595,0.15940196812152863,0.03678981959819794,0.08839593827724457,0.049152735620737076,0.06821490824222565,0.04858087748289108,0.11692658811807632,0.03632418438792229,0.008397983387112617,0.12860243022441864,0.09757029265165329,0.02856297604739666,0.03267325088381767,0.019795391708612442,0.04107068479061127
dog1-boat3.png,0.0625728890299797,0.0744900032877922,0.02914414554834366,0.045090775936841965,0.0626792162656784,0.06571667641401291,0.09225951135158539,0.06183970719575882,0.051469586789608,0.014879829250276089,0.06569910049438477,0.06143133342266083,0.09687566757202148,0.04646379500627518,0.05439486727118492,0.11499296128749847
dog1-car2.png,0.08402599394321442,0.059335265308618546,0.028498759493231773,0.11460413038730621,0.08911756426095963,0.041748493909835815,0.06625466793775558,0.09620506316423416,0.058380965143442154,0.01750422641634941,0.0760871022939682,0.02020261436700821,0.08983127027750015,0.0880902037024498,0.03615275025367737,0.03396090120077133
dog1-cat3.png,0.058613426983356476,0.09007242321968079,0.040247008204460144,0.12189467251300812,0.043713729828596115,0.07987118512392044,0.027860160917043686,0.08514805138111115,0.061897240579128265,0.01753740943968296,0.11651715636253357,0.03051411174237728,0.03821933642029762,0.03438182920217514,0.07558779418468475,0.07792448252439499
dog1-chair1.png,0.07055523246526718,0.03209247067570686,0.015991048887372017,0.06591781228780746,0.14434555172920227,0.09062445908784866,0.10381916910409927,0.0618317648768425,0.042513296008110046,0.013149694539606571,0.10034512728452682,0.03954879194498062,0.035819292068481445,0.10465433448553085,0.027403449639678,0.05138852074742317
dog1-dog2.png,0.036470524966716766,0.1824762374162674,0.058721717447042465,0.05044707655906677,0.06701669096946716,0.09468093514442444,0.04273036867380142,0.06044431030750275,0.03990611806511879,0.036953896284103394,0.1362934708595276,0.04051443189382553,0.04414074495434761,0.024348534643650055,0.03018953464925289,0.05466538667678833
dog1-knife3.png,0.03242161497473717,0.040813714265823364,0.042091254144907,0.1019325777888298,0.027610115706920624,0.03978760167956352,0.046942826360464096,0.0235037449747324,0.046204108744859695,0.048393215984106064,0.3210406005382538,0.06097785755991936,0.05198308825492859,0.037257373332977295,0.039418842643499374,0.0396214984357357
dog10-airplane1.png,0.02871466986835003,0.1177322268486023,0.058456823229789734,0.11082980036735535,0.05893531069159508,0.03539802506566048,0.059059854596853256,0.06504872441291809,0.05901891738176346,0.029467880725860596,0.1225208267569542,0.06328901648521423,0.060530200600624084,0.052304450422525406,0.024018045514822006,0.05467522144317627
dog10-bicycle1.png,0.062294211238622665,0.09021551162004471,0.03706854581832886,0.15147508680820465,0.05110740289092064,0.03747870773077011,0.034922994673252106,0.11823078244924545,0.06127284839749336,0.022681454196572304,0.11443766206502914,0.021829532459378242,0.05733702331781387,0.08702002465724945,0.021079836413264275,0.0315483883023262
dog10-bottle1.png,0.06402340531349182,0.10157103836536407,0.046206630766391754,0.09774796664714813,0.05962611734867096,0.034534428268671036,0.04766300693154335,0.09024811536073685,0.07380148023366928,0.02354477532207966,0.1285954862833023,0.03666030243039131,0.058595459908246994,0.05097159743309021,0.03026759810745716,0.05594261363148689
dog10-car3.png,0.03261036053299904,0.10939454287290573,0.031081950291991234,0.10572858899831772,0.05933673307299614,0.028963008895516396,0.05526937171816826,0.10954825580120087,0.04936391860246658,0.02029946818947792,0.12285010516643524,0.06693349778652191,0.09091641753911972,0.042457420378923416,0.0373099260032177,0.03793646767735481
dog10-clock1.png,0.042075254023075104,0.10296092182397842,0.03847349062561989,0.10729756206274033,0.09350936859846115,0.035876136273145676,0.05460236594080925,0.06921102106571198,0.10317610204219818,0.03305567428469658,0.1390727311372757,0.051677290350198746,0.037183456122875214,0.04701932519674301,0.021961582824587822,0.02284771017730236
dog10-dog1.png,0.055051133036613464,0.0780499204993248,0.04547404125332832,0.10562960803508759,0.06204190105199814,0.07639992237091064,0.04037785902619362,0.15126453340053558,0.03433458134531975,0.020341001451015472,0.10879924148321152,0.052079036831855774,0.056832823902368546,0.04784427210688591,0.01981683447957039,0.04566333070397377
dog10-elephant1.png,0.07756844907999039,0.07864111661911011,0.04707060009241104,0.12565293908119202,0.07878967374563217,0.027467910200357437,0.025726251304149628,0.12827496230602264,0.04213752970099449,0.021212711930274963,0.06078043952584267,0.05334289371967316,0.08111616969108582,0.09714236855506897,0.02905651368200779,0.026019468903541565
dog10-keyboard2.png,0.08247151970863342,0.026269085705280304,0.030264103785157204,0.09750485420227051,0.11995422095060349,0.06287423521280289,0.03431639447808266,0.04941200837492943,0.09367504715919495,0.011418577283620834,0.11608115583658218,0.03609564155340195,0.057648174464702606,0.11077303439378738,0.0389397069811821,0.03230227902531624
dog10-oven2.png,0.048764415085315704,0.025330591946840286,0.039828620851039886,0.02138800173997879,0.028429117053747177,0.03015023097395897,0.11247385293245316,0.018228702247142792,0.24763073027133942,0.016823098063468933,0.08331648260354996,0.03312806040048599,0.027888474985957146,0.019230321049690247,0.08072587102651596,0.1666635274887085
dog10-truck2.png,0.06847738474607468,0.04780491814017296,0.030523141846060753,0.0408727265894413,0.06894435733556747,0.10420982539653778,0.08871352672576904,0.04050460830330849,0.07304588705301285,0.014056481420993805,0.11017245054244995,0.060796428471803665,0.04907712712883949,0.06749273836612701,0.04284284636378288,0.0924655944108963
dog2-airplane2.png,0.07937735319137573,0.04834655299782753,0.02395274117588997,0.12715385854244232,0.13665920495986938,0.04088164493441582,0.08421659469604492,0.07420817762613297,0.07124742120504379,0.007397258188575506,0.08849837630987167,0.058453112840652466,0.024887192994356155,0.019218504428863525,0.054331615567207336,0.06117035821080208
dog2-bicycle2.png,0.030935220420360565,0.28394362330436707,0.044513896107673645,0.08282534033060074,0.03916218876838684,0.02947705052793026,0.02581544779241085,0.08867024630308151,0.015985138714313507,0.02050797827541828,0.05066899210214615,0.1239246129989624,0.029278481379151344,0.028212472796440125,0.015787776559591293,0.09029155969619751
dog2-bottle2.png,0.048297666013240814,0.04496843367815018,0.03577125445008278,0.05269179120659828,0.06453506648540497,0.11629185825586319,0.07973528653383255,0.07703733444213867,0.055792372673749924,0.016845768317580223,0.0978107824921608,0.042767483741045,0.06436443328857422,0.09394758939743042,0.030098121613264084,0.07904484868049622
dog2-cat1.png,0.020783955231308937,0.09503266960382462,0.04618296027183533,0.03575335443019867,0.06497605890035629,0.07192688435316086,0.08160242438316345,0.037174440920352936,0.02879023179411888,0.05173802748322487,0.14366427063941956,0.11456118524074554,0.028101008385419846,0.024841461330652237,0.04040522873401642,0.11446584761142731
dog2-dog3.png,0.02043556608259678,0.07316168397665024,0.04830426722764969,0.07371658086776733,0.06637696176767349,0.028556527569890022,0.10742628574371338,0.03803866729140282,0.02603217214345932,0.05559543892741203,0.12187530845403671,0.0946098044514656,0.058375418186187744,0.01941484399139881,0.06571239978075027,0.10236809402704239
dog2-knife3.png,0.09794055670499802,0.027262626215815544,0.05552620068192482,0.10583022236824036,0.050345052033662796,0.13957878947257996,0.028950434178113937,0.04728496074676514,0.07076054811477661,0.022562187165021896,0.1305224597454071,0.0366235114634037,0.036938175559043884,0.0926966741681099,0.02130374126136303,0.035873882472515106
dog3-bear3.png,0.03542301058769226,0.14305762946605682,0.027944764122366905,0.08671095967292786,0.041817210614681244,0.036462780088186264,0.03041744790971279,0.09528835862874985,0.03772716969251633,0.02791987545788288,0.11671101301908493,0.13829369843006134,0.06446338444948196,0.07383088022470474,0.029370730742812157,0.014561126939952374
dog3-bird2.png,0.05763016268610954,0.07134445756673813,0.06974297761917114,0.16211093962192535,0.035545285791158676,0.025171207264065742,0.03728678077459335,0.12344640493392944,0.022615360096096992,0.043996602296829224,0.1281648427248001,0.0646396055817604,0.023803414776921272,0.0520084984600544,0.032847028225660324,0.04964648559689522
dog3-boat1.png,0.10216475278139114,0.07797668874263763,0.033161140978336334,0.09602359682321548,0.08238077908754349,0.03864741697907448,0.11888786405324936,0.06448442488908768,0.02191299758851528,0.014870001003146172,0.05459951236844063,0.04778395965695381,0.13033317029476166,0.05618183687329292,0.029564151540398598,0.031027700752019882
dog3-clock1.png,0.06625733524560928,0.06750482320785522,0.0917322114109993,0.12603139877319336,0.040397223085165024,0.053203728049993515,0.03335944935679436,0.06665215641260147,0.027020486071705818,0.07012788206338882,0.1554800122976303,0.07740186154842377,0.02229207754135132,0.03710361570119858,0.020989155396819115,0.04444653168320656
dog3-dog1.png,0.0321502760052681,0.14442749321460724,0.05178749933838844,0.0899234339594841,0.016369741410017014,0.09705228358507156,0.02460741251707077,0.11473222076892853,0.06142449378967285,0.030841870233416557,0.1167236790060997,0.13648086786270142,0.017960326746106148,0.03249361366033554,0.013310779817402363,0.019713981077075005
dog3-elephant2.png,0.04171007499098778,0.08275334537029266,0.02050941251218319,0.05940653383731842,0.047828059643507004,0.05854068323969841,0.05446459725499153,0.07716212421655655,0.07220549136400223,0.024446561932563782,0.04772597551345825,0.12212194502353668,0.12222785502672195,0.101652592420578,0.052345406264066696,0.014899316243827343
dog3-keyboard1.png,0.07010479271411896,0.05668553709983826,0.1395404189825058,0.1259666532278061,0.01794837974011898,0.023607328534126282,0.026798909530043602,0.15144596993923187,0.029865700751543045,0.0463230237364769,0.10827825963497162,0.06375174224376678,0.017450010403990746,0.038566429167985916,0.019489340484142303,0.06417753547430038
dog3-knife3.png,0.03413567692041397,0.0399346798658371,0.04017683118581772,0.08007021993398666,0.014252489432692528,0.022789744660258293,0.01608407124876976,0.049824051558971405,0.03130762651562691,0.011986478231847286,0.5571614503860474,0.049033839255571365,0.01144800428301096,0.020882662385702133,0.004455055575817823,0.016457099467515945
dog3-truck2.png,0.06739947199821472,0.058763742446899414,0.02827351726591587,0.1055026650428772,0.07641411572694778,0.04655015468597412,0.07143974304199219,0.07879432290792465,0.04353807866573334,0.022723263129591942,0.10477086156606674,0.040297672152519226,0.02751813270151615,0.041172705590724945,0.1027202382683754,0.08412133902311325
dog4-airplane3.png,0.051253534853458405,0.09829428046941757,0.07889384031295776,0.137231707572937,0.04804933816194534,0.05949357897043228,0.04786115139722824,0.09781479835510254,0.02152225375175476,0.03950034826993942,0.11525232344865799,0.05456060916185379,0.037091780453920364,0.07182104885578156,0.022752413526177406,0.0186070054769516
dog4-bicycle1.png,0.06931238621473312,0.08373195677995682,0.06684792041778564,0.12027958035469055,0.04924129694700241,0.051568590104579926,0.045037366449832916,0.07056950032711029,0.02504786290228367,0.05157063901424408,0.0661611258983612,0.05301665514707565,0.046628326177597046,0.14791923761367798,0.029037056490778923,0.02403051033616066
dog4-bird1.png,0.0352192260324955,0.0546172671020031,0.01686113141477108,0.24527433514595032,0.044333525002002716,0.072499118745327,0.028605155646800995,0.06215286627411842,0.023968476802110672,0.01033509336411953,0.06101318821310997,0.1212998554110527,0.0597909577190876,0.11557785421609879,0.03638553246855736,0.012066442519426346
dog4-bottle2.png,0.055969685316085815,0.14098206162452698,0.05537540838122368,0.10544579476118088,0.05268869921565056,0.03391589969396591,0.0390523225069046,0.08131227642297745,0.015555024147033691,0.03687156364321709,0.06640578806400299,0.09057436138391495,0.050543513149023056,0.1165350079536438,0.026659918949007988,0.03211263567209244
dog4-cat3.png,0.01783215068280697,0.11262825131416321,0.022098854184150696,0.08501577377319336,0.021684307605028152,0.05003488063812256,0.02097347378730774,0.2613478899002075,0.0354972667992115,0.03151016682386398,0.16531775891780853,0.06240975111722946,0.040765490382909775,0.04132305458188057,0.02152787707746029,0.010033061727881432
dog4-chair1.png,0.038145389407873154,0.07438963651657104,0.047121793031692505,0.05876389145851135,0.053396206349134445,0.0816873237490654,0.05215893313288689,0.05659739673137665,0.042250290513038635,0.06979622691869736,0.10231045633554459,0.07309960573911667,0.11627838015556335,0.07588448375463486,0.030698399990797043,0.027421575039625168
dog4-clock1.png,0.05614529550075531,0.07146882265806198,0.048574142158031464,0.08580269664525986,0.0608990378677845,0.07452291995286942,0.06586863100528717,0.09657948464155197,0.05463048070669174,0.030302198603749275,0.06919383257627487,0.12000741064548492,0.044988084584474564,0.048000406473875046,0.040620867162942886,0.03239566087722778
dog4-elephant2.png,0.03173770010471344,0.08065002411603928,0.03227265924215317,0.043077558279037476,0.03868393227458,0.12339507043361664,0.05300254374742508,0.07480183243751526,0.11080467700958252,0.028998415917158127,0.04341110214591026,0.07230635732412338,0.0991746261715889,0.09114734828472137,0.06355272233486176,0.012983477674424648
dog4-keyboard2.png,0.03909905627369881,0.07458922266960144,0.09975361078977585,0.07504968345165253,0.021139021962881088,0.09364759176969528,0.026256466284394264,0.0744243860244751,0.04405330494046211,0.1505681723356247,0.13553422689437866,0.05575637146830559,0.014037889428436756,0.050250548869371414,0.02712685987353325,0.01871359348297119
dog4-oven1.png,0.061837103217840195,0.07726924121379852,0.026686154305934906,0.07315297424793243,0.04063550382852554,0.12091271579265594,0.037326630204916,0.09426713734865189,0.07503163069486618,0.05567272752523422,0.04672320559620857,0.02931443601846695,0.0778050497174263,0.1009766161441803,0.05635011941194534,0.026038765907287598
dog4-truck2.png,0.028594784438610077,0.10426343232393265,0.029742689803242683,0.07920222729444504,0.09270406514406204,0.07646186649799347,0.09343047440052032,0.0570964552462101,0.045097824186086655,0.0202767476439476,0.0868111401796341,0.07468970119953156,0.026053499430418015,0.049479469656944275,0.09563704580068588,0.0404585637152195
dog5-bear3.png,0.010416206903755665,0.22804002463817596,0.01911606825888157,0.0868072584271431,0.020917467772960663,0.022774284705519676,0.02121276967227459,0.15021315217018127,0.011210296303033829,0.021889567375183105,0.24170929193496704,0.09319854527711868,0.030770467594265938,0.02253137156367302,0.00922228954732418,0.00997095089405775
dog5-boat3.png,0.02214144729077816,0.04556169733405113,0.01936977170407772,0.04652926325798035,0.06982573121786118,0.11318450421094894,0.11301953345537186,0.05689355358481407,0.017526742070913315,0.038269542157649994,0.07714833319187164,0.08353219926357269,0.10434287041425705,0.028812753036618233,0.04396169260144234,0.11988027393817902
dog5-car3.png,0.01783609203994274,0.09803743660449982,0.015349695459008217,0.10125406831502914,0.05679909884929657,0.03804844990372658,0.05277034267783165,0.11811359971761703,0.0201732125133276,0.013484234921634197,0.13106247782707214,0.12352297455072403,0.09499818831682205,0.01903609000146389,0.036780327558517456,0.06273370236158371
dog5-elephant1.png,0.01834219880402088,0.29343947768211365,0.026675526052713394,0.07673351466655731,0.02984178438782692,0.01951916143298149,0.027213746681809425,0.10158863663673401,0.02861645072698593,0.0315253771841526,0.10298383980989456,0.14257189631462097,0.03575030714273453,0.020838428288698196,0.020770303905010223,0.023589331656694412
dog5-knife2.png,0.06465642899274826,0.08485105633735657,0.02842680923640728,0.04335960000753403,0.08095160126686096,0.08452482521533966,0.06591077893972397,0.09036173671483994,0.04664940387010574,0.03123670630156994,0.033838458359241486,0.032090332359075546,0.12319114059209824,0.07016844302415848,0.07849887013435364,0.041283804923295975
dog5-oven1.png,0.024283142760396004,0.046182096004486084,0.041070252656936646,0.03251910209655762,0.027682924643158913,0.12705422937870026,0.05620619282126427,0.12400274723768234,0.08273045718669891,0.04480942338705063,0.061379410326480865,0.041888609528541565,0.0911572277545929,0.037373606115579605,0.08611012250185013,0.07555048912763596
dog5-truck2.png,0.013225201517343521,0.02546248957514763,0.015267388895154,0.0321936309337616,0.030464520677924156,0.11133238673210144,0.04707629978656769,0.028627503663301468,0.06136534735560417,0.07743510603904724,0.06481915712356567,0.012675492092967033,0.022037293761968613,0.025299374014139175,0.30353283882141113,0.12918591499328613
dog6-bicycle1.png,0.06245722249150276,0.08131443709135056,0.04727131128311157,0.14474989473819733,0.05078022927045822,0.0415765643119812,0.03706317022442818,0.1101764515042305,0.03726319223642349,0.03216956555843353,0.13683761656284332,0.022937512025237083,0.05481190234422684,0.0884363204240799,0.015701834112405777,0.036452800035476685
dog6-bird1.png,0.04078374430537224,0.05164138600230217,0.03861401975154877,0.10246214270591736,0.14694719016551971,0.09294702857732773,0.0544295497238636,0.06629429757595062,0.0626022145152092,0.025731030851602554,0.059650395065546036,0.03968024626374245,0.0608443059027195,0.10545219480991364,0.028585469350218773,0.023334743455052376
dog6-cat1.png,0.031927887350320816,0.06983303278684616,0.04021672159433365,0.09037220478057861,0.04327203333377838,0.02119419164955616,0.0745873674750328,0.16576558351516724,0.03424417972564697,0.019740968942642212,0.23212747275829315,0.0481303445994854,0.04254487156867981,0.018202882260084152,0.031491950154304504,0.036348387598991394
dog6-clock1.png,0.02971002832055092,0.08910815417766571,0.05324641987681389,0.10856039822101593,0.07833822816610336,0.040455590933561325,0.06376827508211136,0.1016460582613945,0.06385045498609543,0.05928349867463112,0.1237410232424736,0.06473109871149063,0.03272004425525665,0.034047748893499374,0.025881383568048477,0.03091168776154518
dog6-elephant2.png,0.05180693417787552,0.1005873754620552,0.0776735171675682,0.07348126173019409,0.07465202361345291,0.056439097970724106,0.030120018869638443,0.10706789046525955,0.03583133593201637,0.05210093408823013,0.0659923180937767,0.07545305043458939,0.06506229192018509,0.07206856459379196,0.0308265071362257,0.030836835503578186
dog6-truck2.png,0.01826348714530468,0.02679474838078022,0.028467727825045586,0.04779200255870819,0.11039026081562042,0.037228308618068695,0.267162024974823,0.03736594319343567,0.04693446308374405,0.04394664987921715,0.13058379292488098,0.03279414027929306,0.0199116338044405,0.06720754504203796,0.04716538265347481,0.03799182176589966
dog7-bird3.png,0.018009092658758163,0.1391395777463913,0.031929947435855865,0.061697132885456085,0.015507428906857967,0.029842134565114975,0.021641816943883896,0.04355364665389061,0.011680614203214645,0.021514158695936203,0.4651472568511963,0.06747115403413773,0.01967502571642399,0.02485361322760582,0.013498363085091114,0.014839044772088528
dog7-car2.png,0.07253324240446091,0.12749521434307098,0.05425083264708519,0.16226652264595032,0.08012620359659195,0.03278275579214096,0.047527067363262177,0.1044548749923706,0.023539355024695396,0.019352495670318604,0.06257416307926178,0.08449708670377731,0.05684914439916611,0.04026564210653305,0.016289332881569862,0.015196060761809349
dog7-chair2.png,0.044549476355314255,0.039106305688619614,0.05230502784252167,0.03990676999092102,0.05115477368235588,0.1674359291791916,0.05443841218948364,0.04825996607542038,0.09508293122053146,0.07314072549343109,0.09614559262990952,0.0460037961602211,0.028170444071292877,0.023364081978797913,0.08934786170721054,0.05158795416355133
dog7-keyboard3.png,0.027050018310546875,0.08302093297243118,0.0792708471417427,0.05855953320860863,0.016865616664290428,0.16146217286586761,0.04081781581044197,0.04775553196668625,0.05540977790951729,0.126056507229805,0.11962968111038208,0.053406331688165665,0.016317274421453476,0.03957697004079819,0.05565132200717926,0.01914958283305168
dog7-knife3.png,0.04631960019469261,0.057139523327350616,0.19280022382736206,0.033585041761398315,0.021170224994421005,0.053686484694480896,0.042382705956697464,0.016414623707532883,0.030293576419353485,0.052086587995290756,0.3226252794265747,0.05098796635866165,0.01726672425866127,0.02457801066339016,0.02106076292693615,0.01760263927280903
dog7-oven2.png,0.02850894071161747,0.03448699042201042,0.0298643559217453,0.02865046262741089,0.017856623977422714,0.04051566869020462,0.05524319037795067,0.04056103527545929,0.03219852223992348,0.09322814643383026,0.06813734769821167,0.016856210306286812,0.021155430004000664,0.02322559431195259,0.3317684233188629,0.1377430260181427
dog8-bear3.png,0.048383910208940506,0.09819584339857101,0.05134604498744011,0.07069221138954163,0.055899426341056824,0.08699259161949158,0.056028179824352264,0.08277914673089981,0.04552797973155975,0.02315588854253292,0.11124126613140106,0.08244430273771286,0.057335399091243744,0.035362523049116135,0.05153640732169151,0.0430789515376091
dog8-boat3.png,0.023453978821635246,0.08010831475257874,0.05080193653702736,0.07097835093736649,0.06003182753920555,0.10189322382211685,0.05060577020049095,0.043981216847896576,0.07929696887731552,0.03460640087723732,0.10073503106832504,0.1551624834537506,0.04754756763577461,0.04196695610880852,0.027843201532959938,0.03098677657544613
dog8-bottle2.png,0.01247906032949686,0.0826532319188118,0.14619365334510803,0.055390696972608566,0.05515224486589432,0.08512160927057266,0.03552478179335594,0.0496944934129715,0.06412876397371292,0.033417973667383194,0.13954341411590576,0.1378839910030365,0.019954051822423935,0.047789864242076874,0.008214255794882774,0.02685791812837124
dog8-chair3.png,0.021845614537596703,0.044073984026908875,0.11981047689914703,0.03147508203983307,0.037948522716760635,0.10593296587467194,0.021966248750686646,0.03471353277564049,0.05922660976648331,0.020052146166563034,0.0776066780090332,0.2793461084365845,0.01852850615978241,0.09157998859882355,0.0033446999732404947,0.03254881128668785
dog8-clock2.png,0.040911540389060974,0.02641984075307846,0.15794460475444794,0.07738562673330307,0.051228899508714676,0.032011035829782486,0.05325412377715111,0.03191033750772476,0.10684055835008621,0.039226602762937546,0.14847926795482635,0.09535014629364014,0.013509044423699379,0.07835988700389862,0.007228996604681015,0.03993948921561241
dog8-dog3.png,0.03359547629952431,0.05874994397163391,0.04057999700307846,0.0675186961889267,0.02192544937133789,0.033668141812086105,0.03860105201601982,0.11403071880340576,0.06836465746164322,0.007887202315032482,0.32885947823524475,0.0975884273648262,0.017709584906697273,0.015634264796972275,0.022946536540985107,0.03234029933810234
dog8-keyboard3.png,0.02547723799943924,0.0175835769623518,0.047543369233608246,0.0647609531879425,0.08173016458749771,0.0800604373216629,0.2442518174648285,0.026904089376330376,0.06362210214138031,0.029173104092478752,0.11941740661859512,0.01972780004143715,0.023915395140647888,0.08368075639009476,0.03796273469924927,0.034189026802778244
dog8-oven3.png,0.02332291565835476,0.05953526869416237,0.12944231927394867,0.04608207568526268,0.03401854634284973,0.09405627101659775,0.014915534295141697,0.02776743657886982,0.17707757651805878,0.013061738573014736,0.15157808363437653,0.13227543234825134,0.011872309260070324,0.050861455500125885,0.014636260457336903,0.019496820867061615
dog9-airplane3.png,0.05206667631864548,0.12916240096092224,0.01873602904379368,0.04651743173599243,0.11583486199378967,0.08196578919887543,0.0601685531437397,0.10270670801401138,0.04024449363350868,0.00989004410803318,0.03374417498707771,0.1282755583524704,0.08703850209712982,0.05639084428548813,0.02759561873972416,0.00966229010373354
dog9-bear3.png,0.03359748050570488,0.07409551739692688,0.02844826504588127,0.12084345519542694,0.051132526248693466,0.07388025522232056,0.05262065306305885,0.08673535287380219,0.061951685696840286,0.022218098863959312,0.06745579093694687,0.07490868866443634,0.050464335829019547,0.15984788537025452,0.02489917166531086,0.01690082810819149
dog9-bicycle3.png,0.03492649644613266,0.07734760642051697,0.02948271669447422,0.060828328132629395,0.08732937276363373,0.0992269441485405,0.05429526045918465,0.06673282384872437,0.06381566822528839,0.020766977220773697,0.04360600560903549,0.04512876644730568,0.1398557424545288,0.10367204248905182,0.04681400582194328,0.026171211153268814
dog9-boat1.png,0.08486395329236984,0.10570017993450165,0.01486946176737547,0.06967397779226303,0.1031200960278511,0.046097297221422195,0.09598701447248459,0.07677806913852692,0.04475865885615349,0.008758574724197388,0.03706294298171997,0.08316215127706528,0.09130313247442245,0.08096753060817719,0.03581664338707924,0.02108030952513218
dog9-bottle1.png,0.05867275595664978,0.10302894562482834,0.05108983442187309,0.09929143637418747,0.0374399796128273,0.0943109318614006,0.025075064972043037,0.04948156699538231,0.041301023215055466,0.033896200358867645,0.12534277141094208,0.08062411099672318,0.0707089900970459,0.07576938718557358,0.02092922292649746,0.03303784132003784
dog9-car1.png,0.05640098452568054,0.0919596329331398,0.026358462870121002,0.10084168612957001,0.08170078694820404,0.05445291846990585,0.07098767906427383,0.09174980968236923,0.030868371948599815,0.014743774197995663,0.061790235340595245,0.06855931878089905,0.08600854873657227,0.1048891469836235,0.04016243666410446,0.018526259809732437
dog9-cat1.png,0.054476298391819,0.08430511504411697,0.02911989577114582,0.12495213747024536,0.049655482172966,0.0693385899066925,0.040046531707048416,0.10009532421827316,0.040732912719249725,0.022645676508545876,0.08145584911108017,0.1376425325870514,0.060854472219944,0.06159542128443718,0.022417891770601273,0.020665882155299187
dog9-chair2.png,0.05231495201587677,0.052759576588869095,0.024309786036610603,0.05859579145908356,0.05966305732727051,0.15541794896125793,0.03043866530060768,0.049560289829969406,0.1744045913219452,0.024113129824399948,0.0343741774559021,0.021987788379192352,0.08322149515151978,0.0774926096200943,0.08204121142625809,0.019304892048239708
elephant1-airplane2.png,0.058084312826395035,0.08873452991247177,0.05626751855015755,0.11497171968221664,0.0355394184589386,0.08479209989309311,0.04889236390590668,0.09289795905351639,0.028457442298531532,0.02651968225836754,0.07489852607250214,0.13980019092559814,0.041354723274707794,0.06046223267912865,0.028366614133119583,0.019960645586252213
elephant1-bear2.png,0.007092059124261141,0.28368550539016724,0.016477208584547043,0.06016794219613075,0.012433715164661407,0.04400390759110451,0.02548537217080593,0.036076806485652924,0.03609851375222206,0.015244649723172188,0.04508806765079498,0.31049033999443054,0.02503601275384426,0.012196502648293972,0.03618498519062996,0.034238431602716446
elephant1-boat2.png,0.0584331639111042,0.06478593498468399,0.06221892684698105,0.05406665802001953,0.05748271197080612,0.07508569210767746,0.04349818825721741,0.05140642449259758,0.034420523792505264,0.04233727604150772,0.07873070985078812,0.049962885677814484,0.050913453102111816,0.030255230143666267,0.15995913743972778,0.08644305914640427
elephant1-bottle1.png,0.039488084614276886,0.10649187117815018,0.0641610324382782,0.0559876449406147,0.029790518805384636,0.07537546008825302,0.03137125447392464,0.03534209728240967,0.036396369338035583,0.04066847264766693,0.12056996673345566,0.1964867264032364,0.04281947761774063,0.03242739289999008,0.04805075004696846,0.04457280412316322
elephant1-car3.png,0.03816775977611542,0.112462118268013,0.0341385193169117,0.11432679742574692,0.0496642030775547,0.04674262925982475,0.03731783851981163,0.11051063984632492,0.025785917416214943,0.024240730330348015,0.07411566376686096,0.13714173436164856,0.04758192226290703,0.06346569955348969,0.055481262505054474,0.028856569901108742
elephant1-chair1.png,0.012062398716807365,0.061864353716373444,0.07154428213834763,0.02765464596450329,0.026886893436312675,0.09197885543107986,0.04514649510383606,0.06500067561864853,0.0740814357995987,0.021524513140320778,0.08250913769006729,0.186113640666008,0.053050242364406586,0.02206520177423954,0.06147109717130661,0.0970461294054985
elephant1-dog2.png,0.01368071511387825,0.1517137885093689,0.03248518332839012,0.0804993286728859,0.025079699233174324,0.11474790424108505,0.02275182493031025,0.06338651478290558,0.06811372935771942,0.02424001507461071,0.09257106482982635,0.18365392088890076,0.040478914976119995,0.028348155319690704,0.037932537496089935,0.020316695794463158
elephant1-keyboard3.png,0.07139328122138977,0.0915757343173027,0.06222475692629814,0.05666521564126015,0.06329940259456635,0.04448322206735611,0.07137005031108856,0.05216357484459877,0.040463123470544815,0.02511865831911564,0.10224802792072296,0.0962895080447197,0.06457264721393585,0.07951317727565765,0.05331667140126228,0.025303049013018608
elephant1-oven2.png,0.028190799057483673,0.047558970749378204,0.04115646332502365,0.0462862104177475,0.024015998467803,0.03734467551112175,0.025424720719456673,0.04351793974637985,0.06265736371278763,0.04129081591963768,0.07522566616535187,0.03898052126169205,0.012070300057530403,0.032947346568107605,0.3707831799983978,0.07254908233880997
elephant10-bear1.png,0.015179925598204136,0.11253587156534195,0.021416764706373215,0.11496534198522568,0.020569615066051483,0.0507543720304966,0.05999593809247017,0.1677657961845398,0.025928834453225136,0.035220783203840256,0.05045598745346069,0.15064777433872223,0.04952811077237129,0.05937229469418526,0.035711776465177536,0.029950769618153572
elephant10-elephant1.png,0.027924081310629845,0.16073641180992126,0.03388461470603943,0.15456470847129822,0.0801648423075676,0.0332927331328392,0.03262919932603836,0.09249144792556763,0.02703610248863697,0.025088472291827202,0.053838636726140976,0.1175180971622467,0.03793572261929512,0.07072511315345764,0.03432796522974968,0.017841853201389313
elephant10-keyboard1.png,0.08054424822330475,0.053765732795000076,0.02560299076139927,0.050708919763565063,0.06257402896881104,0.08311895281076431,0.06764157116413116,0.06413661688566208,0.0571027547121048,0.015015076845884323,0.032233577221632004,0.0888293907046318,0.11056116223335266,0.13706879317760468,0.048795852810144424,0.022300364449620247
elephant10-knife3.png,0.02486385963857174,0.06947939842939377,0.07819882035255432,0.07766975462436676,0.035528335720300674,0.03630867600440979,0.0627412497997284,0.060802944004535675,0.032860130071640015,0.025840019807219505,0.12901423871517181,0.2321646362543106,0.041837211698293686,0.03654729202389717,0.033238641917705536,0.022904733195900917
elephant2-airplane3.png,0.0495486818253994,0.03205544874072075,0.02115626260638237,0.03249932453036308,0.053710248321294785,0.09975305199623108,0.06878229975700378,0.10411982983350754,0.056567106395959854,0.01109455619007349,0.0945076122879982,0.12853506207466125,0.10086818039417267,0.04217756167054176,0.04687546566128731,0.057749342173337936
elephant2-bear3.png,0.036815349012613297,0.20779934525489807,0.03857259079813957,0.0687539130449295,0.04127991944551468,0.032075781375169754,0.06479212641716003,0.0715821161866188,0.014190956950187683,0.029331237077713013,0.08827246725559235,0.17285501956939697,0.0365242138504982,0.022070931270718575,0.021337540820240974,0.05374652147293091
elephant2-bird1.png,0.05587715655565262,0.051456019282341,0.027928978204727173,0.11873192340135574,0.14900445938110352,0.13209666311740875,0.021849555894732475,0.04792533442378044,0.047598473727703094,0.016401253640651703,0.04483550041913986,0.10941427201032639,0.042342063039541245,0.07993209362030029,0.03580620139837265,0.018800079822540283
elephant2-boat1.png,0.04904302954673767,0.03883592411875725,0.027829362079501152,0.09642516821622849,0.15880347788333893,0.06836686283349991,0.06572461128234863,0.06061089038848877,0.05640416219830513,0.014572023414075375,0.14805781841278076,0.0533243790268898,0.06467996537685394,0.052160151302814484,0.0249854177236557,0.020176813006401062
elephant2-bottle3.png,0.02790144830942154,0.03816878795623779,0.053280219435691833,0.05988393351435661,0.07071872800588608,0.24603614211082458,0.047979921102523804,0.039157990366220474,0.07894069701433182,0.04610030725598335,0.07237241417169571,0.10585321485996246,0.029055265709757805,0.02044028230011463,0.03602362051606178,0.02808707021176815
elephant2-cat1.png,0.06997600942850113,0.03086113929748535,0.04716968536376953,0.08059412986040115,0.10851050913333893,0.054210249334573746,0.058811210095882416,0.12928244471549988,0.034367531538009644,0.019680727273225784,0.11578861624002457,0.05756908282637596,0.053856633603572845,0.027080360800027847,0.062834732234478,0.04940689355134964
elephant2-clock1.png,0.033934105187654495,0.0746174082159996,0.056342631578445435,0.059261634945869446,0.06667125970125198,0.1317259967327118,0.04232371225953102,0.06723027676343918,0.06933709233999252,0.03761226311326027,0.061520516872406006,0.11278432607650757,0.054201286286115646,0.028968127444386482,0.057488203048706055,0.04598109796643257
elephant2-elephant3.png,0.041760627180337906,0.10616713762283325,0.06298456341028214,0.05629052221775055,0.07070697098970413,0.11883112788200378,0.04496686905622482,0.04958377778530121,0.033929601311683655,0.03201800957322121,0.04218060523271561,0.16655848920345306,0.07140637189149857,0.03759542852640152,0.023837070912122726,0.041182730346918106
elephant2-keyboard3.png,0.035170622169971466,0.04540835693478584,0.030714934691786766,0.08900364488363266,0.047097280621528625,0.07269488275051117,0.07903338968753815,0.04032037407159805,0.09928033500909805,0.012371817603707314,0.20770730078220367,0.10546398907899857,0.024991733953356743,0.06354542821645737,0.025179052725434303,0.02201683819293976
elephant2-truck2.png,0.06972762197256088,0.030817415565252304,0.018644951283931732,0.030211009085178375,0.05453164502978325,0.14657273888587952,0.11781220138072968,0.033041004091501236,0.09052156656980515,0.011729649268090725,0.037901896983385086,0.07777853310108185,0.0632239431142807,0.06278207898139954,0.07185576856136322,0.0828479677438736
elephant3-cat2.png,0.023015491664409637,0.07360272109508514,0.029848812147974968,0.05839266628026962,0.04857230186462402,0.17937910556793213,0.03002595715224743,0.05774933099746704,0.15384261310100555,0.012373640201985836,0.0212810430675745,0.05945602059364319,0.14882734417915344,0.044147148728370667,0.039818357676267624,0.01966744102537632
elephant3-chair1.png,0.02005370892584324,0.04279296472668648,0.03354128822684288,0.017767205834388733,0.0686970055103302,0.18826887011528015,0.023622361943125725,0.06494339555501938,0.18132121860980988,0.013599240221083164,0.028600534424185753,0.14831313490867615,0.1160309910774231,0.03270389512181282,0.009242317639291286,0.010501878336071968
elephant3-keyboard2.png,0.029481953009963036,0.06448744982481003,0.04898437112569809,0.03214643523097038,0.04098939150571823,0.31238240003585815,0.029818562790751457,0.05794390290975571,0.09129580110311508,0.028505638241767883,0.05330633372068405,0.0971456989645958,0.03594806417822838,0.051044952124357224,0.01405718456953764,0.01246180571615696
elephant3-knife1.png,0.07677079737186432,0.06864587217569351,0.05464502051472664,0.08062651008367538,0.062401555478572845,0.08176776766777039,0.06490093469619751,0.09239019453525543,0.055987898260354996,0.011372040025889874,0.07899200171232224,0.11215788871049881,0.04889525845646858,0.04936149716377258,0.03408296778798103,0.02700180560350418
elephant3-oven1.png,0.04646385461091995,0.05116846039891243,0.08494096249341965,0.03237977996468544,0.14362670481204987,0.1128939613699913,0.025561250746250153,0.08665960282087326,0.17339254915714264,0.0251762792468071,0.01952310837805271,0.08307847380638123,0.03855901584029198,0.04389398172497749,0.02250114269554615,0.010180932469666004
elephant3-truck1.png,0.07613813132047653,0.10993102192878723,0.03202436491847038,0.058724891394376755,0.12466485798358917,0.038154054433107376,0.024457260966300964,0.05586463212966919,0.05158301442861557,0.004981552716344595,0.028847841545939445,0.21655115485191345,0.09244363009929657,0.05569378286600113,0.019268473610281944,0.010671270079910755
elephant4-bicycle2.png,0.05326144024729729,0.1485908329486847,0.06734892725944519,0.10268647223711014,0.027747198939323425,0.04259742051362991,0.03555770218372345,0.11390035599470139,0.03750884160399437,0.015891611576080322,0.04800470173358917,0.12325100600719452,0.05675312504172325,0.04614938795566559,0.017078552395105362,0.06367241591215134
elephant4-bird1.png,0.07542499899864197,0.0416521392762661,0.0315990149974823,0.11062014102935791,0.15272994339466095,0.08209708333015442,0.04065820574760437,0.04105980321764946,0.04666886851191521,0.012374301441013813,0.05007808655500412,0.08122683316469193,0.04840615764260292,0.12661346793174744,0.02872692421078682,0.03006400540471077
elephant4-boat3.png,0.07171180844306946,0.08814934641122818,0.028137795627117157,0.051356565207242966,0.03114088624715805,0.04905949905514717,0.05784936621785164,0.05539354681968689,0.07009365409612656,0.014810540713369846,0.043720588088035583,0.11347698420286179,0.1251022219657898,0.04498741403222084,0.04817785322666168,0.10683196783065796
elephant4-car3.png,0.056513842195272446,0.08108758926391602,0.027425728738307953,0.08262237161397934,0.03915591910481453,0.06214435398578644,0.03750444948673248,0.11097585409879684,0.05467763915657997,0.0123640401288867,0.08361548185348511,0.07670917361974716,0.14899776875972748,0.05536392703652382,0.032336436212062836,0.038505442440509796
elephant4-chair3.png,0.08462180197238922,0.06231863424181938,0.04052349925041199,0.02427993156015873,0.034299612045288086,0.04718005657196045,0.03317321836948395,0.04248270019888878,0.09309447556734085,0.010071874596178532,0.03272678703069687,0.16221196949481964,0.04596146568655968,0.04142432287335396,0.015547867864370346,0.23008185625076294
elephant4-clock3.png,0.05808740854263306,0.11733889579772949,0.03808477148413658,0.06035443767905235,0.05693063884973526,0.07626702636480331,0.03943618759512901,0.10555960983037949,0.05946704372763634,0.011465232819318771,0.0593368336558342,0.13211514055728912,0.06051475182175636,0.03285535052418709,0.021239260211586952,0.07094741612672806
elephant4-oven1.png,0.08196470886468887,0.05812080577015877,0.02787495218217373,0.03665971755981445,0.03007732704281807,0.026139212772250175,0.03688155859708786,0.05977493152022362,0.1017170250415802,0.008776990696787834,0.0738130658864975,0.2455211728811264,0.03370854631066322,0.04508155211806297,0.0498012900352478,0.08408708870410919
elephant5-bear2.png,0.006859194952994585,0.42496803402900696,0.011943272314965725,0.020644480362534523,0.005129361525177956,0.009743398055434227,0.013691913336515427,0.014025532640516758,0.006249204743653536,0.0022938840556889772,0.03343936428427696,0.35665997862815857,0.010908672586083412,0.0031809103675186634,0.03163571283221245,0.04862705618143082
elephant5-bicycle3.png,0.06080593168735504,0.06753590703010559,0.06623979657888412,0.0818076878786087,0.07143231481313705,0.06614378094673157,0.04537900537252426,0.10028811544179916,0.09213189780712128,0.019837209954857826,0.06510142982006073,0.06373260170221329,0.06080007925629616,0.07058048993349075,0.022371914237737656,0.04581179469823837
elephant5-bottle2.png,0.043462902307510376,0.05150151625275612,0.09011366218328476,0.050815656781196594,0.10868939757347107,0.051325637847185135,0.08083757013082504,0.039429083466529846,0.06330913305282593,0.033248912543058395,0.13202393054962158,0.06634683161973953,0.03317470848560333,0.07006391882896423,0.011134229600429535,0.07452286779880524
elephant5-car1.png,0.059112224727869034,0.08550237864255905,0.031139591708779335,0.08270765841007233,0.073485367000103,0.04437809810042381,0.06477083265781403,0.10155348479747772,0.0719328224658966,0.018239092081785202,0.07876574993133545,0.0502764955163002,0.09713305532932281,0.07712498307228088,0.0339544303715229,0.029923707246780396
elephant5-chair3.png,0.06009897589683533,0.03828898444771767,0.08478579670190811,0.0331968255341053,0.0421164333820343,0.08675979822874069,0.06052323803305626,0.043652597814798355,0.04818223416805267,0.027115823701024055,0.06060248240828514,0.1508566439151764,0.0222270917147398,0.1199922040104866,0.009134664200246334,0.11246616393327713
elephant5-elephant1.png,0.07464566081762314,0.10372330993413925,0.049444325268268585,0.09920573234558105,0.06043750420212746,0.02876514382660389,0.027458464726805687,0.12024720013141632,0.043044429272413254,0.031164204701781273,0.0633150041103363,0.08994332700967789,0.062358394265174866,0.09036412090063095,0.020108528435230255,0.035774607211351395
elephant5-truck1.png,0.1040964350104332,0.024053940549492836,0.027045655995607376,0.08725795149803162,0.1003929078578949,0.09520691633224487,0.045079078525304794,0.08969924598932266,0.06929267197847366,0.00862368568778038,0.07149593532085419,0.08385571092367172,0.07268703728914261,0.06839623302221298,0.028235629200935364,0.02458096668124199
elephant6-bicycle1.png,0.06510625034570694,0.07334180921316147,0.030630197376012802,0.07347722351551056,0.06056072935461998,0.0767953023314476,0.04211029037833214,0.10659249871969223,0.05183972418308258,0.013920760713517666,0.07122808694839478,0.056999776512384415,0.1213182583451271,0.06494420021772385,0.035553690046072006,0.05558126047253609
elephant6-bird1.png,0.0471496507525444,0.04432898014783859,0.03860874101519585,0.11841665208339691,0.18493784964084625,0.045639876276254654,0.0432099811732769,0.04238295927643776,0.04435200244188309,0.02439991384744644,0.05126914009451866,0.06437501311302185,0.04384199157357216,0.1607595831155777,0.027462860569357872,0.01886477880179882
elephant6-bottle2.png,0.03602662682533264,0.07017215341329575,0.04866984859108925,0.05605524405837059,0.09104367345571518,0.03261084854602814,0.06508681178092957,0.07439505308866501,0.02508525550365448,0.017717961221933365,0.15191231667995453,0.05971290543675423,0.049510009586811066,0.11035041511058807,0.01235328707844019,0.09929758310317993
elephant6-car3.png,0.060601454228162766,0.059438470751047134,0.026135727763175964,0.08231411129236221,0.06902620941400528,0.03554942458868027,0.05661733075976372,0.10416283458471298,0.05313630774617195,0.015949822962284088,0.08040769398212433,0.06530585885047913,0.12090276181697845,0.07593473047018051,0.049982890486717224,0.04453439265489578
elephant6-cat2.png,0.043891243636608124,0.09149422496557236,0.08486655354499817,0.06062980741262436,0.04095698520541191,0.07060442119836807,0.04384612292051315,0.09065376222133636,0.0485478937625885,0.028483489528298378,0.08075480163097382,0.12577061355113983,0.059533149003982544,0.02737099677324295,0.06307771056890488,0.03951819986104965
elephant6-dog2.png,0.03737165406346321,0.2010846734046936,0.0457145981490612,0.028592584654688835,0.05300082266330719,0.10631103068590164,0.029716406017541885,0.10892088711261749,0.04269799217581749,0.013838523998856544,0.05972864478826523,0.12207353860139847,0.03584357723593712,0.026029150933027267,0.04505781829357147,0.04401812702417374
elephant6-knife2.png,0.04676353186368942,0.06291358172893524,0.03678242489695549,0.07300198078155518,0.08623938262462616,0.0335107296705246,0.0643043965101242,0.09863966703414917,0.07175924628973007,0.011784953996539116,0.12549437582492828,0.08003386110067368,0.06611809134483337,0.07385287433862686,0.03606667369604111,0.03273424506187439
elephant6-oven1.png,0.07116208225488663,0.08117873221635818,0.020066024735569954,0.0660879984498024,0.04647090286016464,0.0244512427598238,0.042868949472904205,0.07014243304729462,0.05637625604867935,0.008875563740730286,0.10251255333423615,0.15818971395492554,0.0457189679145813,0.03333349525928497,0.12032797932624817,0.052237093448638916
elephant6-truck3.png,0.05443020910024643,0.05341003090143204,0.029674235731363297,0.032883863896131516,0.06031522527337074,0.02886171266436577,0.12189795076847076,0.03396384418010712,0.08738318830728531,0.025964682921767235,0.07604709267616272,0.08604501932859421,0.029642857611179352,0.015918966382741928,0.14557477831840515,0.11798630654811859
elephant7-airplane3.png,0.034223493188619614,0.09009159356355667,0.027835916727781296,0.042148251086473465,0.02789427898824215,0.022928200662136078,0.07753398269414902,0.0257959496229887,0.07553223520517349,0.008283653296530247,0.2298646718263626,0.23493742942810059,0.020112209022045135,0.01650707609951496,0.018351154401898384,0.04795992746949196
elephant7-bear3.png,0.08162691444158554,0.18181626498699188,0.041816871613264084,0.05892195552587509,0.04577645659446716,0.027299443259835243,0.05228855460882187,0.10764939337968826,0.021013721823692322,0.023678502067923546,0.08219771087169647,0.09385301917791367,0.05071553960442543,0.035393793135881424,0.03655198961496353,0.05939994752407074
elephant7-bird1.png,0.07121358811855316,0.047514185309410095,0.028620434924960136,0.08189284801483154,0.16911989450454712,0.12602755427360535,0.028316427022218704,0.07994168996810913,0.032593872398138046,0.01682255044579506,0.04850619286298752,0.07801507413387299,0.044357869774103165,0.10788441449403763,0.018720462918281555,0.020452972501516342
elephant7-bottle3.png,0.07360456883907318,0.045649655163288116,0.06377306580543518,0.09017941355705261,0.11048440635204315,0.0499429851770401,0.04930507764220238,0.05842451751232147,0.16680140793323517,0.020580247044563293,0.03848988935351372,0.07420731335878372,0.036834049969911575,0.056552909314632416,0.020217154175043106,0.044953349977731705
elephant7-car3.png,0.04341208189725876,0.057842619717121124,0.05065523833036423,0.12994790077209473,0.1253053843975067,0.042688727378845215,0.05685953423380852,0.0874204933643341,0.05440814048051834,0.02054351568222046,0.10075686872005463,0.06979018449783325,0.05621151626110077,0.06339632719755173,0.01578533835709095,0.024976087734103203
elephant7-cat1.png,0.07671172171831131,0.09716183692216873,0.03425170108675957,0.05788177251815796,0.061745647341012955,0.05769512429833412,0.07701525092124939,0.14902472496032715,0.019069219008088112,0.02632414549589157,0.06741417944431305,0.05135563760995865,0.04831604287028313,0.0496181920170784,0.02872690185904503,0.09768790006637573
elephant7-clock2.png,0.040408700704574585,0.043773967772722244,0.08241119980812073,0.06763233989477158,0.08478307723999023,0.033555615693330765,0.12351352721452713,0.06794820725917816,0.05635543540120125,0.05423378199338913,0.0753488838672638,0.11405432969331741,0.02395745925605297,0.039831843227148056,0.02452567033469677,0.06766605377197266
elephant7-dog1.png,0.032995421439409256,0.2711452841758728,0.02051384188234806,0.05914747342467308,0.04306003078818321,0.07362810522317886,0.047327764332294464,0.12922732532024384,0.011961853131651878,0.01997440494596958,0.07478678226470947,0.09593015164136887,0.026521744206547737,0.030286580324172974,0.01763785630464554,0.04585537314414978
elephant7-keyboard3.png,0.030854376032948494,0.030767718330025673,0.11354730278253555,0.07305296510457993,0.029060816392302513,0.041437674313783646,0.16668982803821564,0.035906411707401276,0.06306200474500656,0.020582806318998337,0.1547662913799286,0.08446705341339111,0.017796693369746208,0.055445048958063126,0.015316578559577465,0.06724634766578674
elephant7-knife2.png,0.0724586695432663,0.03401767089962959,0.04845206066966057,0.07569806277751923,0.0919889584183693,0.03464892506599426,0.07948959618806839,0.08467569947242737,0.11225864291191101,0.02204904519021511,0.0919279232621193,0.04771450534462929,0.05228392407298088,0.05274057760834694,0.05916361138224602,0.040432158857584
elephant8-airplane3.png,0.046872369945049286,0.10968060791492462,0.08270040154457092,0.08054550737142563,0.03895976021885872,0.04024501517415047,0.023797016590833664,0.15622290968894958,0.03467113897204399,0.0157470665872097,0.046223148703575134,0.2285204380750656,0.02345159463584423,0.03456485643982887,0.012925345450639725,0.024872858077287674
elephant8-bicycle3.png,0.07127062231302261,0.043849825859069824,0.07577207684516907,0.05768878385424614,0.06841534376144409,0.08136645704507828,0.05738655850291252,0.10358036309480667,0.09886762499809265,0.023120606318116188,0.05122480168938637,0.06941446661949158,0.053063683211803436,0.058823589235544205,0.03587650880217552,0.050278712064027786
elephant8-bird2.png,0.06559344381093979,0.06458129733800888,0.08769326657056808,0.14268094301223755,0.042655881494283676,0.025671973824501038,0.026089979335665703,0.12690648436546326,0.03980616107583046,0.020183654502034187,0.0447138212621212,0.1972234547138214,0.025304624810814857,0.025042304769158363,0.023032482713460922,0.04282024875283241
elephant8-boat2.png,0.05142015963792801,0.1043730080127716,0.08222506940364838,0.055547114461660385,0.06320947408676147,0.022050289437174797,0.04781532660126686,0.10354234278202057,0.021718192845582962,0.03273239731788635,0.05797134339809418,0.07601343095302582,0.08783000707626343,0.030311940237879753,0.06710034608840942,0.09613954275846481
elephant8-cat1.png,0.05120223015546799,0.04941026121377945,0.07400082796812057,0.058636393398046494,0.038325875997543335,0.17368532717227936,0.03095300681889057,0.12422160804271698,0.07405628263950348,0.0342448353767395,0.0487319640815258,0.1363172084093094,0.04047504812479019,0.01667059026658535,0.02837575227022171,0.02069280669093132
elephant8-clock2.png,0.03599686175584793,0.07094601541757584,0.15377077460289001,0.088479183614254,0.023174945265054703,0.013400324620306492,0.03834979236125946,0.15704256296157837,0.015498275868594646,0.04760155826807022,0.0902361124753952,0.1544223576784134,0.013829365372657776,0.011862477287650108,0.024941811338067055,0.06044754385948181
elephant8-dog1.png,0.026621796190738678,0.11338428407907486,0.08471151441335678,0.0745856910943985,0.024511201307177544,0.05635480582714081,0.03577735647559166,0.12787416577339172,0.057117462158203125,0.032924894243478775,0.04009934514760971,0.23063020408153534,0.017245372757315636,0.02481839433312416,0.017814666032791138,0.035528864711523056
elephant8-elephant1.png,0.04643505811691284,0.06105390936136246,0.042654454708099365,0.06698630750179291,0.07645274698734283,0.05918502435088158,0.0568012110888958,0.10576695203781128,0.08711416274309158,0.026319386437535286,0.05248791351914406,0.08452854305505753,0.08387378603219986,0.07546409219503403,0.04318826273083687,0.031688179820775986
elephant8-knife2.png,0.05015706270933151,0.11134945601224899,0.04961225017905235,0.05806785821914673,0.057960912585258484,0.03471664711833,0.0585801787674427,0.1312209814786911,0.03559820353984833,0.0310406144708395,0.036081891506910324,0.0837380662560463,0.0865950658917427,0.054626815021038055,0.05702126771211624,0.06363273411989212
elephant8-oven3.png,0.016259806230664253,0.08029372990131378,0.058690618723630905,0.0493556447327137,0.03461986035108566,0.03542793542146683,0.035782162100076675,0.060104675590991974,0.1329382210969925,0.008587832562625408,0.10284928232431412,0.14450566470623016,0.019360341131687164,0.018769612535834312,0.13832570612430573,0.06412892788648605
elephant8-truck3.png,0.032718610018491745,0.10517473518848419,0.10039936006069183,0.04987255111336708,0.027276458218693733,0.0508681945502758,0.061231326311826706,0.05375979095697403,0.045563481748104095,0.03328612446784973,0.06590321660041809,0.1386500895023346,0.02003577910363674,0.01097680814564228,0.06210247054696083,0.14218103885650635
elephant9-airplane2.png,0.11628133803606033,0.11859316378831863,0.03194061294198036,0.10280130803585052,0.07279499620199203,0.044741176068782806,0.04173795506358147,0.06556975096464157,0.058723896741867065,0.013251302763819695,0.05618617311120033,0.0827665627002716,0.05309546738862991,0.0976899117231369,0.031437184661626816,0.012389162555336952
elephant9-bicycle2.png,0.043925922363996506,0.15790057182312012,0.021731935441493988,0.17857666313648224,0.03816668316721916,0.019287243485450745,0.01846141181886196,0.1000136062502861,0.018058888614177704,0.014038915745913982,0.0452287383377552,0.23053327202796936,0.024572456255555153,0.03329087048768997,0.0300282072275877,0.0261846911162138
elephant9-boat3.png,0.03286333009600639,0.08933766931295395,0.024918196722865105,0.08195822685956955,0.03849729150533676,0.049858152866363525,0.0340019054710865,0.055855877697467804,0.03096826560795307,0.013891628012061119,0.0957387164235115,0.22244152426719666,0.0817672535777092,0.06375090032815933,0.043556198477745056,0.040594905614852905
elephant9-chair2.png,0.030017511919140816,0.08357693254947662,0.13406918942928314,0.05319845303893089,0.05983292683959007,0.0659218579530716,0.03478414565324783,0.0661812275648117,0.11256199330091476,0.021024014800786972,0.06064001843333244,0.14641012251377106,0.024118289351463318,0.022245964035391808,0.022596264258027077,0.06282110512256622
elephant9-clock3.png,0.00697975791990757,0.0274948850274086,0.024625984951853752,0.049658797681331635,0.007503832224756479,0.011250120587646961,0.013692766427993774,0.022374890744686127,0.01045036967843771,0.005346368066966534,0.02753402851521969,0.758532702922821,0.0034461808390915394,0.004804305732250214,0.0065355752594769,0.019769465550780296
elephant9-dog3.png,0.010022532194852829,0.10979124158620834,0.06826218217611313,0.08887098729610443,0.03735245019197464,0.023430664092302322,0.025155816227197647,0.1271674484014511,0.044204555451869965,0.011085833422839642,0.13349153101444244,0.1935425102710724,0.05090995505452156,0.013729388825595379,0.024143433198332787,0.03883945941925049
elephant9-elephant3.png,0.008700580336153507,0.14064927399158478,0.024341760203242302,0.04293721541762352,0.022713959217071533,0.021703112870454788,0.02430245280265808,0.037923138588666916,0.0686856284737587,0.011885399930179119,0.025779999792575836,0.46665459871292114,0.04124249145388603,0.019816657528281212,0.023012056946754456,0.01965169794857502
keyboard1-airplane2.png,0.029194120317697525,0.08933739364147186,0.02067624405026436,0.0893748551607132,0.06329390406608582,0.024950584396719933,0.1373981237411499,0.0860903412103653,0.007896899245679379,0.05307399481534958,0.054696470499038696,0.0518268346786499,0.08203752338886261,0.06404344737529755,0.07585020363330841,0.07025911659002304
keyboard1-bear2.png,0.007451323326677084,0.01626928150653839,0.012861452996730804,0.029683517292141914,0.02652931958436966,0.07654695957899094,0.10282327979803085,0.0186784528195858,0.0628354474902153,0.027990156784653664,0.020525185391306877,0.024482671171426773,0.2622419595718384,0.030124986544251442,0.1947316825389862,0.08622442930936813
keyboard1-bird2.png,0.025041431188583374,0.051743730902671814,0.03099501132965088,0.0817401111125946,0.061618197709321976,0.024098126217722893,0.08681949973106384,0.0881921797990799,0.04015752300620079,0.029541490599513054,0.03616398200392723,0.02913350611925125,0.12672068178653717,0.05057043582201004,0.08849076181650162,0.14897333085536957
keyboard1-car3.png,0.03889179602265358,0.050274237990379333,0.034757282584905624,0.05014025419950485,0.10202626883983612,0.059828102588653564,0.10145071893930435,0.08411471545696259,0.03919609263539314,0.024612130597233772,0.0411212183535099,0.04353305324912071,0.09495697170495987,0.06038406491279602,0.08728322386741638,0.08742989599704742
keyboard1-chair2.png,0.019851624965667725,0.019430099055171013,0.018583444878458977,0.02898438833653927,0.04181783273816109,0.15038079023361206,0.05912582948803902,0.037085626274347305,0.10697224736213684,0.0387992225587368,0.03049585409462452,0.020659636706113815,0.17355407774448395,0.04603181034326553,0.11144910752773285,0.09677842259407043
keyboard1-clock1.png,0.05048718303442001,0.031227124854922295,0.0839957445859909,0.04812535643577576,0.046182781457901,0.05642431229352951,0.0917227640748024,0.048257406800985336,0.07574433833360672,0.062175601720809937,0.051138490438461304,0.041828952729701996,0.07655052840709686,0.03074163943529129,0.10867777466773987,0.09672009199857712
keyboard1-dog3.png,0.021024415269494057,0.05633101612329483,0.034063033759593964,0.07705369591712952,0.06057029217481613,0.056769806891679764,0.07132184505462646,0.07217168062925339,0.037163425236940384,0.04224016144871712,0.12522853910923004,0.06395803391933441,0.12148331105709076,0.050476547330617905,0.06771600246429443,0.04242818430066109
keyboard1-elephant3.png,0.0197812020778656,0.03334115445613861,0.039527617394924164,0.036241937428712845,0.03744539991021156,0.10793504118919373,0.08639025688171387,0.048470403999090195,0.15215511620044708,0.03157462924718857,0.025975758209824562,0.07205440104007721,0.12194586545228958,0.06101495400071144,0.05533246695995331,0.07081378251314163
keyboard10-airplane3.png,0.044813159853219986,0.10238175094127655,0.013925669714808464,0.04174655303359032,0.12885183095932007,0.012676633894443512,0.09885577857494354,0.10748127847909927,0.009317182004451752,0.008869524113833904,0.025474445894360542,0.06948420405387878,0.1533861607313156,0.042700815945863724,0.08719432353973389,0.052840687334537506
keyboard10-boat2.png,0.05183674022555351,0.04703856259584427,0.033845748752355576,0.036608658730983734,0.0974552258849144,0.03614204004406929,0.06780876964330673,0.02302522398531437,0.022449275478720665,0.025769898667931557,0.03175633028149605,0.018834518268704414,0.2163049727678299,0.030942874029278755,0.16050617396831512,0.09967496991157532
keyboard10-car1.png,0.041513655334711075,0.06009160354733467,0.01732940413057804,0.050789862871170044,0.11151406913995743,0.029148831963539124,0.11335430294275284,0.05590823292732239,0.01775316894054413,0.013649174012243748,0.04445772245526314,0.07151436805725098,0.16891418397426605,0.04506951943039894,0.10540632158517838,0.05358560010790825
keyboard10-keyboard1.png,0.11299686878919601,0.08578550815582275,0.03900725021958351,0.05526883527636528,0.09880514442920685,0.020376425236463547,0.05417536944150925,0.04481692984700203,0.017586160451173782,0.009467530064284801,0.036231108009815216,0.09363537281751633,0.12273125350475311,0.15926194190979004,0.029046403244137764,0.02080787532031536
keyboard10-oven3.png,0.046419475227594376,0.08496338129043579,0.02873001992702484,0.0736943855881691,0.07806064188480377,0.03742503374814987,0.03164061903953552,0.13475164771080017,0.1406807005405426,0.018556494265794754,0.057895153760910034,0.061859674751758575,0.08139584213495255,0.060680218040943146,0.046084605157375336,0.017162075266242027
keyboard10-truck1.png,0.04866721108555794,0.06206181272864342,0.031277187168598175,0.046561066061258316,0.16385996341705322,0.045480720698833466,0.06311828643083572,0.035573117434978485,0.044101908802986145,0.017329972237348557,0.0356438122689724,0.035052984952926636,0.15260101854801178,0.14698879420757294,0.06277734041213989,0.008904842659831047
keyboard2-bicycle3.png,0.03247765824198723,0.06578638404607773,0.019793549552559853,0.030087798833847046,0.12675203382968903,0.10656216740608215,0.06250632554292679,0.04180015251040459,0.0735284835100174,0.012181004509329796,0.02143430896103382,0.03743609040975571,0.13652221858501434,0.14445725083351135,0.06555875390768051,0.02311582863330841
keyboard2-bottle1.png,0.08111515641212463,0.08934411406517029,0.05693971738219261,0.08119252324104309,0.05141275376081467,0.03890722617506981,0.0454532615840435,0.03370335325598717,0.00934896431863308,0.02616930566728115,0.08319166302680969,0.06178748607635498,0.15237852931022644,0.12550292909145355,0.026714224368333817,0.03683876618742943
keyboard2-clock1.png,0.06471434235572815,0.08639166504144669,0.0412558950483799,0.1041191816329956,0.06220775470137596,0.04303235560655594,0.07059025764465332,0.11790504306554794,0.03841916471719742,0.024571169167757034,0.0705205425620079,0.05713469907641411,0.06645946204662323,0.056059788912534714,0.0681057870388031,0.02851298451423645
keyboard2-elephant1.png,0.03345872089266777,0.0865863710641861,0.02511756494641304,0.080215223133564,0.07510708272457123,0.04152979701757431,0.04604922607541084,0.10399861633777618,0.05490042641758919,0.025167593732476234,0.061729926615953445,0.0847441628575325,0.11107897758483887,0.10578016191720963,0.046050116419792175,0.01848604716360569
keyboard2-knife1.png,0.07370997220277786,0.06757067143917084,0.04337624832987785,0.05932686850428581,0.0972619503736496,0.05574396252632141,0.10614185780286789,0.06373263150453568,0.0447281114757061,0.02384834550321102,0.05704513192176819,0.06526951491832733,0.04919695109128952,0.13738083839416504,0.03080720454454422,0.024859752506017685
keyboard3-bicycle2.png,0.06147390231490135,0.048006027936935425,0.031115064397454262,0.067377969622612,0.07738006860017776,0.05767932906746864,0.055153846740722656,0.07093104720115662,0.04884422942996025,0.019645852968096733,0.04526223987340927,0.0605204813182354,0.14160111546516418,0.12511123716831207,0.03522423654794693,0.05467331409454346
keyboard3-bird3.png,0.1121121346950531,0.024885160848498344,0.013390811160206795,0.03482193127274513,0.11123260855674744,0.044494904577732086,0.09161794930696487,0.029613789170980453,0.054361492395401,0.012913691811263561,0.01740584522485733,0.03411845117807388,0.23401546478271484,0.07099297642707825,0.07698047906160355,0.037042275071144104
keyboard3-boat1.png,0.06858059018850327,0.028828214854002,0.01997276581823826,0.030623527243733406,0.11139987409114838,0.05092727020382881,0.14736735820770264,0.036595020443201065,0.03817739337682724,0.009801600128412247,0.027655642479658127,0.047229789197444916,0.1577794998884201,0.06060381978750229,0.10167782753705978,0.06277980655431747
keyboard3-car2.png,0.09790487587451935,0.0555734746158123,0.019811412319540977,0.08438841253519058,0.08863908052444458,0.036770761013031006,0.07886573672294617,0.0634964257478714,0.024459952488541603,0.011008348315954208,0.03705492988228798,0.03410080820322037,0.1642121970653534,0.11481814086437225,0.054212603718042374,0.034682877361774445
keyboard3-cat1.png,0.10652198642492294,0.04124431312084198,0.02787810005247593,0.1037057638168335,0.10619241744279861,0.04982808977365494,0.05220014229416847,0.05387405306100845,0.04687236621975899,0.016325965523719788,0.03002702072262764,0.04457024112343788,0.1571965366601944,0.05350615829229355,0.0863519161939621,0.023704858496785164
keyboard3-clock3.png,0.1347901076078415,0.043974217027425766,0.05747747793793678,0.08167979121208191,0.1038641631603241,0.04293670132756233,0.0661851093173027,0.1042182594537735,0.058777883648872375,0.027176925912499428,0.028192972764372826,0.06200172007083893,0.059582728892564774,0.07386355847120285,0.03336064890027046,0.02191775292158127
keyboard3-elephant2.png,0.033919092267751694,0.035532400012016296,0.01527552679181099,0.03513592109084129,0.0867849588394165,0.04854555428028107,0.06398274004459381,0.04447339102625847,0.1464555561542511,0.007615433074533939,0.029246142134070396,0.07051707804203033,0.21750573813915253,0.09681998193264008,0.05406419187784195,0.014126314781606197
keyboard4-bird1.png,0.0677589550614357,0.055267732590436935,0.031040240079164505,0.12560047209262848,0.1836283653974533,0.042835209518671036,0.048304155468940735,0.054638005793094635,0.03599866107106209,0.01862388662993908,0.05035628005862236,0.06102364882826805,0.05972331389784813,0.12317223101854324,0.020598474889993668,0.02143036015331745
keyboard4-bottle2.png,0.06778394430875778,0.047603003680706024,0.02713369019329548,0.028763344511389732,0.1575993299484253,0.1119474396109581,0.025633079931139946,0.12871809303760529,0.029606012627482414,0.00700336555019021,0.043440401554107666,0.031362246721982956,0.15159745514392853,0.09600364416837692,0.021286504343152046,0.024518482387065887
keyboard4-cat2.png,0.08731351792812347,0.04120343551039696,0.06571345031261444,0.04102681949734688,0.09531804174184799,0.04958704859018326,0.028742872178554535,0.08637499064207077,0.05977838486433029,0.017174353823065758,0.04330243170261383,0.047278113663196564,0.1686253547668457,0.04144624248147011,0.10012952983379364,0.026985427364706993
keyboard4-clock2.png,0.046402983367443085,0.05402839928865433,0.040778908878564835,0.0916428491473198,0.1345076858997345,0.03040691837668419,0.03597884252667427,0.09366666525602341,0.056341029703617096,0.0202863197773695,0.07317100465297699,0.042356938123703,0.09882071614265442,0.07895074784755707,0.0728849545121193,0.02977508306503296
keyboard4-keyboard2.png,0.08181693404912949,0.038450054824352264,0.047183047980070114,0.10140705108642578,0.11402556300163269,0.059799034148454666,0.06622148305177689,0.09967827796936035,0.036416616290807724,0.01185153890401125,0.05795065313577652,0.05790857970714569,0.050011634826660156,0.10587857663631439,0.024381252005696297,0.047019705176353455
keyboard4-knife2.png,0.06890744715929031,0.049729663878679276,0.02232329174876213,0.07953634858131409,0.18114228546619415,0.031906723976135254,0.04807109013199806,0.09709479659795761,0.06023379787802696,0.013657749630510807,0.0729595199227333,0.02388046123087406,0.07310300320386887,0.13108210265636444,0.024253683164715767,0.022118045017123222
keyboard4-oven2.png,0.07525236159563065,0.024336999282240868,0.02495897188782692,0.06139969080686569,0.09023945033550262,0.026551902294158936,0.0744725689291954,0.03339221328496933,0.10020241886377335,0.018178189173340797,0.040227729827165604,0.03458850830793381,0.03844296559691429,0.10368393361568451,0.17253589630126953,0.08153622597455978
keyboard4-truck3.png,0.06561534106731415,0.07426171749830246,0.04738188534975052,0.07428733259439468,0.11892680823802948,0.08286835253238678,0.05432256683707237,0.09079605340957642,0.07861489057540894,0.014405075460672379,0.06001199036836624,0.043887075036764145,0.0594308003783226,0.04148530960083008,0.05288197100162506,0.04082277789711952
keyboard5-airplane3.png,0.053804442286491394,0.022520024329423904,0.019254110753536224,0.03131704404950142,0.05556745082139969,0.07706118375062943,0.07981935888528824,0.03450959175825119,0.04437190666794777,0.037353724241256714,0.08924159407615662,0.0360681414604187,0.23590302467346191,0.023957503959536552,0.08527429401874542,0.07397652417421341
keyboard5-bear3.png,0.10392265766859055,0.05318012833595276,0.036078743636608124,0.05943209305405617,0.07636861503124237,0.021572208032011986,0.09280785173177719,0.05175061151385307,0.025807436555624008,0.025920968502759933,0.0462564118206501,0.058959536254405975,0.1698666512966156,0.0560782290995121,0.05214088037610054,0.06985695660114288
keyboard5-bicycle1.png,0.0754871517419815,0.03847073018550873,0.01031347643584013,0.024603333324193954,0.0366048589348793,0.11071553826332092,0.043875887989997864,0.051034022122621536,0.06310790777206421,0.0073954700492322445,0.045939814299345016,0.03984671086072922,0.28484243154525757,0.060234006494283676,0.05997650325298309,0.04755215346813202
keyboard5-bird3.png,0.09894035756587982,0.02965709939599037,0.013970799744129181,0.015933534130454063,0.06202227994799614,0.1029624193906784,0.0780702531337738,0.03464557230472565,0.026068635284900665,0.03986389935016632,0.07703113555908203,0.02662089839577675,0.206203430891037,0.02905903197824955,0.09457048028707504,0.0643802061676979
keyboard5-bottle1.png,0.07524425536394119,0.05796772986650467,0.027996733784675598,0.037336431443691254,0.05548982322216034,0.11344273388385773,0.028473975136876106,0.07378530502319336,0.10010159015655518,0.0182303786277771,0.07030167430639267,0.050614695996046066,0.1676987260580063,0.04678906872868538,0.04076695069670677,0.035759925842285156
keyboard5-cat1.png,0.098895363509655,0.0295458622276783,0.030279582366347313,0.03990493342280388,0.1416795253753662,0.03852931037545204,0.07731518149375916,0.05243781581521034,0.0497250109910965,0.03985082358121872,0.034525316208601,0.042338207364082336,0.14685291051864624,0.03616490960121155,0.1047540083527565,0.037201277911663055
keyboard5-dog3.png,0.0962190255522728,0.027731331065297127,0.02438429556787014,0.026544397696852684,0.12377779185771942,0.03456135094165802,0.05565351992845535,0.0927843451499939,0.03760608285665512,0.020491881296038628,0.037145256996154785,0.028572916984558105,0.2130812406539917,0.025852689519524574,0.11876392364501953,0.03682998940348625
keyboard5-keyboard1.png,0.12014997005462646,0.036012131720781326,0.04596423730254173,0.05758221447467804,0.040470365434885025,0.054946139454841614,0.044296253472566605,0.082343190908432,0.020456288009881973,0.009759891778230667,0.042405690997838974,0.12186973541975021,0.13546417653560638,0.09922104328870773,0.0275894682854414,0.06146916747093201
keyboard5-knife2.png,0.07455554604530334,0.03140705078840256,0.019821474328637123,0.02325364761054516,0.04580013081431389,0.04246580973267555,0.051938049495220184,0.08353524655103683,0.1464909315109253,0.01654849573969841,0.053264640271663666,0.025497060269117355,0.15912818908691406,0.08427449315786362,0.08197133243083954,0.060047928243875504
keyboard5-oven2.png,0.08016841113567352,0.023024529218673706,0.013069205917418003,0.02530381642282009,0.049406904727220535,0.025439269840717316,0.09622663259506226,0.027226615697145462,0.15711575746536255,0.008633461780846119,0.049855198711156845,0.021596748381853104,0.0649968683719635,0.03795706108212471,0.18720872700214386,0.13277077674865723
keyboard6-bear2.png,0.04870370775461197,0.044635921716690063,0.030873103067278862,0.024797838181257248,0.05965539440512657,0.09064888954162598,0.06442395597696304,0.03233955800533295,0.029198115691542625,0.01666577160358429,0.025942830368876457,0.09986948221921921,0.20460999011993408,0.03221284970641136,0.12081397324800491,0.07460863143205643
keyboard6-bicycle1.png,0.11113299429416656,0.05591018125414848,0.027958430349826813,0.0863092914223671,0.06430245190858841,0.06023745238780975,0.021327568218111992,0.11936011910438538,0.09059933573007584,0.008615267463028431,0.06563162058591843,0.025846045464277267,0.10874129831790924,0.09842968732118607,0.02391631156206131,0.031682007014751434
keyboard6-boat2.png,0.056889671832323074,0.07686705887317657,0.033159345388412476,0.05739164352416992,0.0764901265501976,0.05464426428079605,0.06970241665840149,0.05851015821099281,0.04931600019335747,0.025014594197273254,0.042220842093229294,0.029678694903850555,0.11065718531608582,0.06684499233961105,0.06391871720552444,0.12869426608085632
keyboard6-bottle2.png,0.09105665981769562,0.02576611377298832,0.021395180374383926,0.024060377851128578,0.1625436395406723,0.13323558866977692,0.03995160385966301,0.07294771820306778,0.03332468494772911,0.009145229123532772,0.048021264374256134,0.025377124547958374,0.14077627658843994,0.098690927028656,0.03260676562786102,0.04110078513622284
keyboard6-car2.png,0.0721893310546875,0.04784224182367325,0.022821158170700073,0.08753461390733719,0.10451443493366241,0.04079480841755867,0.06179897487163544,0.08387471735477448,0.05175412818789482,0.0151768047362566,0.07026860862970352,0.02751271054148674,0.12571950256824493,0.10168550908565521,0.05310077220201492,0.03341170400381088
keyboard6-chair1.png,0.2115762084722519,0.020448723807930946,0.007944660261273384,0.02919752709567547,0.08335337787866592,0.06195979192852974,0.07191731780767441,0.049601491540670395,0.020399119704961777,0.009953893721103668,0.03399614244699478,0.024035297334194183,0.12478996813297272,0.0781879872083664,0.11177866905927658,0.06085986644029617
keyboard6-dog2.png,0.11224013566970825,0.030286701396107674,0.033218931406736374,0.029713889583945274,0.11962705850601196,0.1961493194103241,0.0221575815230608,0.038362689316272736,0.0452834777534008,0.018386995419859886,0.041039805859327316,0.021745692938566208,0.08983159810304642,0.049679361283779144,0.11734554171562195,0.03493121638894081
keyboard6-elephant1.png,0.10415913909673691,0.09930209070444107,0.03758043423295021,0.10212693363428116,0.0657447874546051,0.027844559401273727,0.027606641873717308,0.08937676250934601,0.03859836608171463,0.020583614706993103,0.05621788650751114,0.07522476464509964,0.07232625782489777,0.115227609872818,0.028934594243764877,0.03914552927017212
keyboard6-knife2.png,0.07299366593360901,0.02214849181473255,0.025710295885801315,0.045928407460451126,0.1690065562725067,0.033504895865917206,0.06121391803026199,0.07666881382465363,0.08507253974676132,0.010439634323120117,0.04787787050008774,0.02265508472919464,0.09943659603595734,0.13473375141620636,0.059856683015823364,0.03275285288691521
keyboard7-bear2.png,0.01558251865208149,0.10146059840917587,0.019157493487000465,0.06847673654556274,0.05591653287410736,0.03678793087601662,0.07329746335744858,0.03409949317574501,0.051151905208826065,0.015099463984370232,0.025098664686083794,0.21985605359077454,0.14662982523441315,0.036085095256567,0.06376340240240097,0.03753678873181343
keyboard7-boat2.png,0.061010174453258514,0.1445794403553009,0.02994495816528797,0.06699575483798981,0.10993404686450958,0.04050657898187637,0.05182638764381409,0.04773158207535744,0.019253309816122055,0.028562020510435104,0.03736010193824768,0.04714680090546608,0.13570725917816162,0.08130166679620743,0.08025434613227844,0.017885569483041763
keyboard7-bottle1.png,0.043004706501960754,0.07604733854532242,0.05332820490002632,0.03137366473674774,0.06839166581630707,0.0965765193104744,0.042869631201028824,0.04993781819939613,0.06201213598251343,0.040762025862932205,0.04832765832543373,0.04394206404685974,0.1680750846862793,0.05339866131544113,0.09505444020032883,0.026898417621850967
keyboard7-car3.png,0.052053920924663544,0.10127495974302292,0.04244384169578552,0.09840299934148788,0.08581908047199249,0.0272928848862648,0.0449015311896801,0.06690045446157455,0.016283564269542694,0.019339220598340034,0.052823636680841446,0.11159802228212357,0.07554017007350922,0.09904161840677261,0.08570119738578796,0.020582936704158783
keyboard7-chair3.png,0.06304211914539337,0.05527830868959427,0.018888283520936966,0.0434449203312397,0.096955806016922,0.07514433562755585,0.07602259516716003,0.07757999002933502,0.10035359114408493,0.00958338100463152,0.04577068239450455,0.0726584792137146,0.15266138315200806,0.05168411508202553,0.03847329318523407,0.022458693012595177
keyboard7-clock3.png,0.02858567424118519,0.06658153235912323,0.01779787987470627,0.04981251060962677,0.08497804403305054,0.05429112911224365,0.08085279166698456,0.10915070027112961,0.045727409422397614,0.011101173236966133,0.026972046121954918,0.12319590896368027,0.16805994510650635,0.045149847865104675,0.0640660896897316,0.023677358403801918
keyboard7-dog1.png,0.017226029187440872,0.09791932255029678,0.03294549882411957,0.07472465187311172,0.040427304804325104,0.05251483991742134,0.046204306185245514,0.04764297604560852,0.0561339370906353,0.02511407807469368,0.03226660564541817,0.09428449720144272,0.2390718311071396,0.0744449570775032,0.048175614327192307,0.020903514698147774
keyboard7-knife1.png,0.03877095878124237,0.11514953523874283,0.04282957687973976,0.03172433376312256,0.056010495871305466,0.06655814498662949,0.059750668704509735,0.06414040923118591,0.0357036218047142,0.02274574339389801,0.06023630127310753,0.051498424261808395,0.19398976862430573,0.03747319057583809,0.10419883579015732,0.019220026209950447
keyboard7-oven2.png,0.09875960648059845,0.03916541486978531,0.04420118033885956,0.02105148509144783,0.057095445692539215,0.015545070171356201,0.08027766644954681,0.029203593730926514,0.0506054162979126,0.02368479035794735,0.021416474133729935,0.016918914392590523,0.15286529064178467,0.04529290273785591,0.1415340155363083,0.16238273680210114
keyboard7-truck2.png,0.043066781014204025,0.04636146128177643,0.05118666961789131,0.045124880969524384,0.17298844456672668,0.05458865687251091,0.1231372207403183,0.03113418072462082,0.0733768567442894,0.015669729560613632,0.03334449604153633,0.028355296701192856,0.03716480731964111,0.07749006897211075,0.1152082085609436,0.05180225148797035
keyboard8-airplane2.png,0.10446599870920181,0.026271166279911995,0.023908575996756554,0.09262048453092575,0.18589720129966736,0.056790295988321304,0.04681485891342163,0.05124562606215477,0.046377744525671005,0.012926983647048473,0.05253740772604942,0.031755004078149796,0.17335455119609833,0.031690653413534164,0.04209895804524422,0.021244434639811516
keyboard8-cat3.png,0.09642072021961212,0.02515932358801365,0.005902235861867666,0.012158160097897053,0.07341423630714417,0.03173643723130226,0.019657732918858528,0.023946193978190422,0.018513163551688194,0.005739706568419933,0.010646997950971127,0.011331601068377495,0.10332141071557999,0.01174195110797882,0.483034610748291,0.06727548688650131
keyboard8-chair2.png,0.08055445551872253,0.012678644619882107,0.027935219928622246,0.022388450801372528,0.07834848016500473,0.04258802905678749,0.020135166123509407,0.037578124552965164,0.13438360393047333,0.012111637741327286,0.05851409584283829,0.018690135329961777,0.24707792699337006,0.03962213918566704,0.1322956085205078,0.035098303109407425
keyboard8-dog3.png,0.09061714261770248,0.06493788212537766,0.03570535406470299,0.07233181595802307,0.09947847574949265,0.02919231355190277,0.039854712784290314,0.15597763657569885,0.026485593989491463,0.020438486710190773,0.0601828396320343,0.06272745877504349,0.09916825592517853,0.029019106179475784,0.06128678843379021,0.052596110850572586
keyboard8-keyboard2.png,0.08838903903961182,0.02235236205160618,0.01873195357620716,0.028852874413132668,0.12447738647460938,0.052941758185625076,0.05763532593846321,0.03400624170899391,0.019744114950299263,0.005818103440105915,0.033920835703611374,0.07068682461977005,0.15906311571598053,0.10655079036951065,0.06401896476745605,0.11281031370162964
keyboard8-oven1.png,0.06192346662282944,0.03544587641954422,0.02845466509461403,0.054735396057367325,0.06469293683767319,0.024936560541391373,0.05021059140563011,0.0848991647362709,0.11749909818172455,0.025324301794171333,0.06926361471414566,0.05616764724254608,0.14714375138282776,0.037142954766750336,0.11441598832607269,0.027743998914957047
keyboard8-truck3.png,0.09740862250328064,0.04762857034802437,0.03563753888010979,0.06467200070619583,0.11510062217712402,0.042016975581645966,0.043655239045619965,0.07180614024400711,0.08374269306659698,0.020512696355581284,0.06706588715314865,0.049327682703733444,0.15183520317077637,0.038666266947984695,0.028595173731446266,0.04232868552207947
keyboard9-airplane3.png,0.08606225997209549,0.0537123829126358,0.018115371465682983,0.04570813477039337,0.07203792035579681,0.02237647958099842,0.11071323603391647,0.0722884014248848,0.01576492376625538,0.00678003765642643,0.04579296335577965,0.03301915153861046,0.16647066175937653,0.07353288680315018,0.03703431040048599,0.14059089124202728
keyboard9-bear2.png,0.03687608614563942,0.0682070255279541,0.024572642520070076,0.01810302585363388,0.07251192629337311,0.0662040188908577,0.05094621330499649,0.03392542526125908,0.020309407263994217,0.014372343197464943,0.020717214792966843,0.10785740613937378,0.19357742369174957,0.020749932155013084,0.164214625954628,0.08685530722141266
keyboard9-bicycle2.png,0.1907716542482376,0.01753920689225197,0.033207107335329056,0.03263789415359497,0.06910627335309982,0.03486136347055435,0.023109503090381622,0.04684435948729515,0.055745117366313934,0.0036178550217300653,0.023098571226000786,0.015363690443336964,0.22459854185581207,0.07836830615997314,0.07831329107284546,0.07281722128391266
keyboard9-bird1.png,0.11140716820955276,0.043149057775735855,0.03289833664894104,0.11581244319677353,0.15080887079238892,0.0427602119743824,0.03003925085067749,0.06943854689598083,0.03473551571369171,0.014124439097940922,0.03823170065879822,0.04390334710478783,0.04594836011528969,0.1685226559638977,0.029858732596039772,0.028361361473798752
keyboard9-boat2.png,0.07682957500219345,0.0389472059905529,0.02782018668949604,0.05856872722506523,0.13346081972122192,0.03608749434351921,0.08070549368858337,0.09963101893663406,0.03190317749977112,0.01732436567544937,0.04354253038764,0.0282039362937212,0.15649333596229553,0.05303443595767021,0.058961573988199234,0.05848613753914833
keyboard9-cat1.png,0.08365483582019806,0.04247250407934189,0.029689490795135498,0.04542586952447891,0.09912578016519547,0.06794851273298264,0.04978921264410019,0.10779011994600296,0.018403371796011925,0.01162412017583847,0.0780324935913086,0.034449584782123566,0.08865903317928314,0.03784286230802536,0.09408003091812134,0.11101222038269043
keyboard9-chair2.png,0.11635159701108932,0.014778763055801392,0.021058103069663048,0.018578819930553436,0.08809101581573486,0.08043545484542847,0.03368416056036949,0.029478713870048523,0.043641600757837296,0.013114120811223984,0.025033144280314445,0.01702033169567585,0.15864825248718262,0.045718345791101456,0.22467873990535736,0.06968884915113449
keyboard9-elephant2.png,0.07200134545564651,0.06311706453561783,0.041779059916734695,0.03682687506079674,0.06497477740049362,0.05036163702607155,0.02435760572552681,0.05824514850974083,0.032306622713804245,0.015408121049404144,0.03969455510377884,0.07397187501192093,0.19604377448558807,0.10413790494203568,0.0638153925538063,0.06295822560787201
keyboard9-keyboard2.png,0.051610782742500305,0.02025592513382435,0.02594057098031044,0.01752399653196335,0.07427749782800674,0.10094420611858368,0.13421475887298584,0.024641528725624084,0.026781773194670677,0.00974429864436388,0.04579437896609306,0.03473643586039543,0.13026173412799835,0.10254204273223877,0.07332329452037811,0.1274067908525467
keyboard9-truck3.png,0.08392355591058731,0.058338798582553864,0.03749462962150574,0.0703371912240982,0.10140029340982437,0.04761093854904175,0.15501508116722107,0.08915409445762634,0.036992575973272324,0.0203632190823555,0.06505594402551651,0.02849915251135826,0.04156302288174629,0.02998884581029415,0.03670816123485565,0.09755447506904602
knife1-airplane1.png,0.11041431128978729,0.056064777076244354,0.04732444882392883,0.10383200645446777,0.09013890475034714,0.03960109129548073,0.03123590350151062,0.08169706910848618,0.031491413712501526,0.1017310619354248,0.032315853983163834,0.03404176980257034,0.0640166848897934,0.12566299736499786,0.03308360278606415,0.017348095774650574
knife1-bird2.png,0.17445258796215057,0.024906320497393608,0.038633666932582855,0.14602597057819366,0.057773713022470474,0.02509542740881443,0.031019868329167366,0.036966051906347275,0.02630027011036873,0.014204015955328941,0.031122541055083275,0.03125876933336258,0.03961365669965744,0.2636353075504303,0.029716379940509796,0.029275398701429367
knife1-car3.png,0.08357708901166916,0.0774969831109047,0.030505770817399025,0.08122596889734268,0.07900189608335495,0.044180192053318024,0.05121145397424698,0.04911575838923454,0.012469789013266563,0.018348820507526398,0.0564994290471077,0.08944705873727798,0.08297912031412125,0.18479491770267487,0.04158860072493553,0.0175571721047163
knife1-chair1.png,0.0537678599357605,0.04118958115577698,0.035892367362976074,0.11279163509607315,0.08198408037424088,0.06345676630735397,0.10131477564573288,0.036004312336444855,0.033789992332458496,0.02849906124174595,0.07571665942668915,0.04558347165584564,0.06292495131492615,0.13129034638404846,0.05170378088951111,0.044090379029512405
knife1-clock2.png,0.21310658752918243,0.042753223329782486,0.04242457449436188,0.13073141872882843,0.03501741960644722,0.025562195107340813,0.02188386395573616,0.03864479809999466,0.01830436661839485,0.01780419796705246,0.06318803876638412,0.0360959954559803,0.027773533016443253,0.2589423656463623,0.011492696590721607,0.01627475768327713
knife1-dog1.png,0.06085917353630066,0.053824082016944885,0.018021579831838608,0.19729852676391602,0.07804614305496216,0.036324065178632736,0.04213584214448929,0.06874967366456985,0.04414116591215134,0.015353630296885967,0.05385887250304222,0.034517496824264526,0.048921987414360046,0.20933759212493896,0.023940298706293106,0.01466979831457138
knife1-elephant1.png,0.04300164431333542,0.05501246452331543,0.026092972606420517,0.08181235939264297,0.09319096803665161,0.04344184696674347,0.05309845507144928,0.07166258245706558,0.0429249182343483,0.03288165107369423,0.05301370844244957,0.07073307782411575,0.08160334825515747,0.17571748793125153,0.05879123881459236,0.017021242529153824
knife1-keyboard3.png,0.08380758762359619,0.06978104263544083,0.052198030054569244,0.2050766497850418,0.028237219899892807,0.06987537443637848,0.03029596246778965,0.07851247489452362,0.03610830381512642,0.014951396733522415,0.06209082528948784,0.053406618535518646,0.03232305869460106,0.15291708707809448,0.01803618110716343,0.012382146902382374
knife1-oven1.png,0.1944420486688614,0.05990470573306084,0.0218769870698452,0.1141543909907341,0.09084354341030121,0.032680995762348175,0.04172631353139877,0.07371512055397034,0.062453027814626694,0.011336307972669601,0.02673523500561714,0.03280089050531387,0.05747417360544205,0.14400635659694672,0.020121345296502113,0.015728551894426346
knife1-truck2.png,0.058815207332372665,0.049841150641441345,0.05156485736370087,0.06633644551038742,0.1116844192147255,0.09077497571706772,0.09515534341335297,0.05113273486495018,0.046148959547281265,0.03888379782438278,0.045462217181921005,0.034219011664390564,0.031325813382864,0.09075772762298584,0.09615188837051392,0.041745513677597046
knife10-bear3.png,0.11503474414348602,0.06357547640800476,0.032008856534957886,0.11870425939559937,0.11922414600849152,0.033467620611190796,0.09633354097604752,0.03536314517259598,0.017773551866412163,0.032361578196287155,0.04695715382695198,0.08461364358663559,0.04311981424689293,0.09355513751506805,0.03782696649432182,0.03008037991821766
knife10-chair1.png,0.14975927770137787,0.020495105534791946,0.017054114490747452,0.059238556772470474,0.10403058677911758,0.06672260165214539,0.05942118167877197,0.0588655024766922,0.02828805148601532,0.009509416297078133,0.05522561073303223,0.023518450558185577,0.08377830684185028,0.18186083436012268,0.04609508812427521,0.036137308925390244
knife10-dog1.png,0.10764722526073456,0.06941886246204376,0.045752231031656265,0.10655336081981659,0.09302260726690292,0.060978055000305176,0.047009438276290894,0.06822562962770462,0.03371574357151985,0.01737952046096325,0.0675031989812851,0.039222393184900284,0.03417931869626045,0.12214235216379166,0.03796331211924553,0.04928681254386902
knife10-elephant3.png,0.05379350110888481,0.0769846960902214,0.0598638616502285,0.054410871118307114,0.04342951998114586,0.03266233950853348,0.05087979510426521,0.061305951327085495,0.03102509304881096,0.027091817930340767,0.06182469055056572,0.22028502821922302,0.10652674734592438,0.03674601390957832,0.02993517741560936,0.05323489382863045
knife10-keyboard3.png,0.07196006178855896,0.032675158232450485,0.07362179458141327,0.07063029706478119,0.035432424396276474,0.08146320283412933,0.09201361238956451,0.048375312238931656,0.04293016716837883,0.026951486244797707,0.07686188071966171,0.04056166484951973,0.04464372247457504,0.16619372367858887,0.032639697194099426,0.06304574012756348
knife10-knife1.png,0.056616075336933136,0.01896994560956955,0.032136470079422,0.047952063381671906,0.1492631435394287,0.07357604801654816,0.04669437184929848,0.06118196249008179,0.06424207985401154,0.012953631579875946,0.06172969564795494,0.028034985065460205,0.05582435801625252,0.26247307658195496,0.01109649520367384,0.017255621030926704
knife10-oven3.png,0.08723315596580505,0.03278879448771477,0.03556367754936218,0.02877913787961006,0.05801242217421532,0.045146115124225616,0.03754040226340294,0.0649152621626854,0.2426193803548813,0.009721661917865276,0.05156053230166435,0.07159756869077682,0.03791764751076698,0.07480701059103012,0.05026134476065636,0.07153590768575668
knife2-bear2.png,0.06112715229392052,0.05046836659312248,0.05034699663519859,0.2269711047410965,0.0833425298333168,0.023889783769845963,0.04654894396662712,0.05745789408683777,0.03374246507883072,0.022369515150785446,0.05692358687520027,0.0894167497754097,0.02950962446630001,0.07929376512765884,0.03262939676642418,0.05596211925148964
knife2-bicycle3.png,0.11475027352571487,0.05620305612683296,0.07119492441415787,0.04285352677106857,0.07870252430438995,0.05927710607647896,0.05549520626664162,0.032638952136039734,0.06424419581890106,0.03328754007816315,0.028356363996863365,0.03147967532277107,0.0864437147974968,0.1418180763721466,0.07436313480138779,0.028891758993268013
knife2-bird1.png,0.045738790184259415,0.05674636363983154,0.021976057440042496,0.08656887710094452,0.09214185923337936,0.11628908663988113,0.04599636793136597,0.061085671186447144,0.0317082442343235,0.022594338282942772,0.042999785393476486,0.07322955131530762,0.04282158985733986,0.2097044140100479,0.03652765974402428,0.013871369883418083
knife2-bottle2.png,0.11714652925729752,0.06209547817707062,0.12275736778974533,0.15546345710754395,0.033610910177230835,0.0378635935485363,0.024181609973311424,0.03524679318070412,0.011804195120930672,0.016813432797789574,0.10003188252449036,0.04534079134464264,0.025918515399098396,0.163225457072258,0.014118130318820477,0.03438183292746544
knife2-car3.png,0.06934506446123123,0.05459856241941452,0.032645877450704575,0.07043544203042984,0.08091311156749725,0.0721670463681221,0.07015902549028397,0.07241769880056381,0.032154444605112076,0.02617999166250229,0.07211188226938248,0.04378768429160118,0.05287635326385498,0.15064823627471924,0.06404237449169159,0.03551716357469559
knife2-cat3.png,0.16833820939064026,0.02753978781402111,0.046743106096982956,0.13080471754074097,0.054875727742910385,0.03929046168923378,0.016534805297851562,0.038404569029808044,0.03544814884662628,0.029460977762937546,0.025979366153478622,0.014974487014114857,0.029136067256331444,0.2658877670764923,0.0681266263127327,0.00845516286790371
knife2-dog1.png,0.10105118900537491,0.04442109912633896,0.060147009789943695,0.12328758835792542,0.048989806324243546,0.036317724734544754,0.03792966902256012,0.12187566608190536,0.08850452303886414,0.024172738194465637,0.03625413402915001,0.024106070399284363,0.03596693277359009,0.1531996876001358,0.03653009235858917,0.02724609151482582
knife2-elephant2.png,0.04784552752971649,0.07506778091192245,0.02455696277320385,0.06847655773162842,0.07670857757329941,0.043201740831136703,0.04793265834450722,0.07262109220027924,0.05883686989545822,0.023777903988957405,0.03429713472723961,0.09970802068710327,0.09724082052707672,0.16225962340831757,0.05236547440290451,0.015103266574442387
knife2-truck2.png,0.050465408712625504,0.030393432825803757,0.05129428207874298,0.03310181200504303,0.08463921397924423,0.12298893928527832,0.053866807371377945,0.05248257890343666,0.05602644756436348,0.08497074991464615,0.06893149018287659,0.02411619946360588,0.027288494631648064,0.12272016704082489,0.10621339827775955,0.030500560998916626
knife3-bear2.png,0.07591930776834488,0.04889241233468056,0.054554469883441925,0.07598338276147842,0.10001126676797867,0.059459734708070755,0.03660159185528755,0.034513864666223526,0.0371239148080349,0.05024141073226929,0.020930033177137375,0.06435604393482208,0.10885323584079742,0.1201571598649025,0.05234641581773758,0.060055769979953766
knife3-cat1.png,0.06850557774305344,0.03035062551498413,0.039490196853876114,0.10082778334617615,0.11408143490552902,0.07441238313913345,0.011071819812059402,0.057766593992710114,0.02604401297867298,0.02152165398001671,0.08943791687488556,0.027621371671557426,0.015487950295209885,0.30197960138320923,0.012628392316401005,0.008772623725235462
knife3-clock2.png,0.037840697914361954,0.028314141556620598,0.06091276556253433,0.08227794617414474,0.17103539407253265,0.04552854597568512,0.055233146995306015,0.02876400016248226,0.028110196813941002,0.10057559609413147,0.07779988646507263,0.03337759152054787,0.020344363525509834,0.18295860290527344,0.01903894916176796,0.027888191863894463
knife3-keyboard3.png,0.055821482092142105,0.030951203778386116,0.03038416989147663,0.20002701878547668,0.13023114204406738,0.056335847824811935,0.05253954976797104,0.043013524264097214,0.03126807510852814,0.01891026832163334,0.06489080935716629,0.01798383519053459,0.027822431176900864,0.21695582568645477,0.01135312020778656,0.011511716060340405
knife3-knife1.png,0.0546535849571228,0.030213098973035812,0.047660794109106064,0.050627097487449646,0.09724367409944534,0.05018412321805954,0.024270448833703995,0.03474583849310875,0.08245997875928879,0.01689145714044571,0.06541963666677475,0.02544574998319149,0.027967052534222603,0.35958316922187805,0.018964342772960663,0.013669971376657486
knife4-airplane3.png,0.13551752269268036,0.03998228907585144,0.03456993028521538,0.08634176105260849,0.059253107756376266,0.028657184913754463,0.048245713114738464,0.08178173750638962,0.043091777712106705,0.010620372369885445,0.06807030737400055,0.06361974775791168,0.08624105900526047,0.1273830235004425,0.015929771587252617,0.07069472968578339
knife4-bear1.png,0.07951594889163971,0.0631689578294754,0.04771118983626366,0.1031159833073616,0.09627766162157059,0.04912221059203148,0.0531659759581089,0.07079461216926575,0.03263699635863304,0.036206647753715515,0.06029059737920761,0.05731523782014847,0.06261372566223145,0.10981009900569916,0.04346194490790367,0.03479227051138878
knife4-boat1.png,0.07075164467096329,0.038835231214761734,0.03466350957751274,0.07546700537204742,0.09325700998306274,0.04066625237464905,0.061665359884500504,0.06287142634391785,0.09574331343173981,0.017657196149230003,0.0809755027294159,0.03835280239582062,0.10483229905366898,0.12014017254114151,0.0366065688431263,0.027514737099409103
knife4-car2.png,0.05331636592745781,0.05185936018824577,0.04354356229305267,0.1210365891456604,0.1399231255054474,0.04134560376405716,0.06766777485609055,0.0768786370754242,0.047375619411468506,0.028880111873149872,0.08295170217752457,0.026365939527750015,0.06059861555695534,0.1191127672791481,0.017952019348740578,0.02119218185544014
knife4-cat2.png,0.13453003764152527,0.031084146350622177,0.08230871707201004,0.06833057850599289,0.04665195569396019,0.03256799280643463,0.022884534671902657,0.06760259717702866,0.08011700958013535,0.03066711500287056,0.03593086451292038,0.046296026557683945,0.09549202024936676,0.15474320948123932,0.04032183066010475,0.03047139011323452
knife4-clock3.png,0.08737336844205856,0.052255358546972275,0.08564266562461853,0.09198679029941559,0.05760062113404274,0.05714203789830208,0.040058739483356476,0.11169835180044174,0.048622772097587585,0.023534061387181282,0.04186006635427475,0.0736563503742218,0.043292149901390076,0.10166216641664505,0.01962268352508545,0.06399182975292206
knife4-keyboard1.png,0.10396348685026169,0.05400834605097771,0.04284825548529625,0.10732938349246979,0.08072952926158905,0.051391519606113434,0.04510415345430374,0.07108455896377563,0.02662896364927292,0.01621340587735176,0.051072247326374054,0.03236175328493118,0.05013113468885422,0.2177959531545639,0.016240937635302544,0.03309639170765877
knife4-knife2.png,0.07201304286718369,0.03554125502705574,0.020519496873021126,0.05889119580388069,0.161350280046463,0.04447917640209198,0.05021302029490471,0.0724651962518692,0.05753345787525177,0.012249677442014217,0.05625840276479721,0.01820296421647072,0.07797814160585403,0.21750865876674652,0.019393352791666985,0.02540266327559948
knife4-oven2.png,0.11001397669315338,0.025226419791579247,0.052419137209653854,0.04382358491420746,0.06926882266998291,0.049138862639665604,0.03477559611201286,0.04689392074942589,0.12651580572128296,0.012714461423456669,0.0424606092274189,0.037223804742097855,0.03409655764698982,0.18409082293510437,0.08949945122003555,0.041838258504867554
knife5-bicycle2.png,0.07442749291658401,0.060988858342170715,0.05036327615380287,0.0921097844839096,0.07046553492546082,0.03780526667833328,0.057241667062044144,0.07385201007127762,0.03438982740044594,0.02559622749686241,0.04603783041238785,0.0517381988465786,0.07506997883319855,0.14656628668308258,0.043227676302194595,0.060120079666376114
knife5-cat2.png,0.03320853412151337,0.09784000366926193,0.04649044945836067,0.06685135513544083,0.053686175495386124,0.06006518751382828,0.03635788336396217,0.11034836620092392,0.11188662797212601,0.02242315374314785,0.043500084429979324,0.044557079672813416,0.12523429095745087,0.08161454647779465,0.02983403578400612,0.036102212965488434
knife5-clock1.png,0.07107847929000854,0.06113972142338753,0.04788713902235031,0.09643809497356415,0.07458867877721786,0.049501772969961166,0.08426930755376816,0.10511349886655807,0.0637897253036499,0.016098693013191223,0.04792153835296631,0.0783528983592987,0.05860674008727074,0.06069755554199219,0.039354193955659866,0.04516196995973587
knife5-dog1.png,0.041180144995450974,0.06360097229480743,0.025503315031528473,0.06924435496330261,0.055897362530231476,0.11176291108131409,0.05513002350926399,0.06358765065670013,0.1267366260290146,0.014424511231482029,0.033709317445755005,0.043258506804704666,0.127739816904068,0.07634373754262924,0.04733656719326973,0.044544197618961334
knife5-keyboard3.png,0.15005162358283997,0.03945799171924591,0.06380341947078705,0.0787188932299614,0.03612927719950676,0.07041510939598083,0.042594850063323975,0.03946012258529663,0.04397759586572647,0.01973828487098217,0.029775526374578476,0.059071168303489685,0.05037045106291771,0.22740651667118073,0.02808106131851673,0.02094816043972969
knife5-knife3.png,0.10093922913074493,0.01916957087814808,0.04910442233085632,0.028803184628486633,0.08694299310445786,0.06831998378038406,0.08194350451231003,0.04221806302666664,0.12813161313533783,0.014776729978621006,0.0316736213862896,0.033313341438770294,0.12988565862178802,0.11452232301235199,0.04957423359155655,0.020681528374552727
knife5-oven2.png,0.05132002755999565,0.011541799642145634,0.02061912603676319,0.03871648758649826,0.06743911653757095,0.06805233657360077,0.09088623523712158,0.033263251185417175,0.17745216190814972,0.01870589703321457,0.02102198451757431,0.017924053594470024,0.059660784900188446,0.1367810219526291,0.14419203996658325,0.04242377355694771
knife5-truck3.png,0.12055182456970215,0.02332191914319992,0.015497582033276558,0.0379369780421257,0.06823758035898209,0.16571083664894104,0.11662467569112778,0.03134900704026222,0.028353283181786537,0.01827569305896759,0.04356774687767029,0.0318588949739933,0.056546565145254135,0.0804566890001297,0.03077048994600773,0.13094022870063782
knife6-airplane1.png,0.11353866010904312,0.07430772483348846,0.0531579852104187,0.09663231670856476,0.09139574319124222,0.028472086414694786,0.03634891286492348,0.1139116883277893,0.04012776166200638,0.032165102660655975,0.045976486057043076,0.047354087233543396,0.05510091036558151,0.10946103930473328,0.02692439965903759,0.0351250134408474
knife6-bicycle1.png,0.15598136186599731,0.07297568768262863,0.06694989651441574,0.11402181535959244,0.040945865213871,0.023968420922756195,0.026570571586489677,0.07509983330965042,0.01991376094520092,0.03213723376393318,0.058499906212091446,0.041855935007333755,0.0411461740732193,0.17793987691402435,0.026541460305452347,0.025452174246311188
knife6-bird1.png,0.09941713511943817,0.03472999483346939,0.01855490356683731,0.1102370098233223,0.11122021824121475,0.034317776560783386,0.03701813146471977,0.05854608863592148,0.03900443762540817,0.015165405347943306,0.027141621336340904,0.04805436357855797,0.08366038650274277,0.23047497868537903,0.04190573841333389,0.010551792569458485
knife6-boat3.png,0.10070855915546417,0.05242736265063286,0.03334576636552811,0.07054056227207184,0.0913657695055008,0.028498666360974312,0.09158428013324738,0.04967290535569191,0.022894982248544693,0.020302535966038704,0.04137253761291504,0.05922720581293106,0.08482728153467178,0.11673883348703384,0.05906529724597931,0.07742737233638763
knife6-bottle3.png,0.18849265575408936,0.03446005657315254,0.0826958641409874,0.08202193677425385,0.04550127312541008,0.10859470814466476,0.03662863373756409,0.04377637431025505,0.053808748722076416,0.024380555376410484,0.038929879665374756,0.06059274077415466,0.046815406531095505,0.10193595290184021,0.012565243057906628,0.038800012320280075
knife6-chair3.png,0.2324306219816208,0.03328355401754379,0.08134155720472336,0.05400995537638664,0.047170545905828476,0.06509208679199219,0.033885736018419266,0.04202839732170105,0.040434662252664566,0.017378216609358788,0.05638138949871063,0.1503366082906723,0.029310109093785286,0.07011190801858902,0.012786167673766613,0.03401847556233406
knife6-clock2.png,0.12095488607883453,0.029087144881486893,0.10440637171268463,0.0688951313495636,0.08668382465839386,0.03231056034564972,0.12590254843235016,0.0925353616476059,0.04191385954618454,0.03661079332232475,0.05699434503912926,0.04255351051688194,0.04307727515697479,0.05408862605690956,0.02730989083647728,0.03667589649558067
knife6-dog2.png,0.09408938884735107,0.03265642747282982,0.06172594428062439,0.13385243713855743,0.07295268774032593,0.05795896425843239,0.04775979369878769,0.05893309414386749,0.07691191881895065,0.021099871024489403,0.049628742039203644,0.042233631014823914,0.06485921144485474,0.1289757341146469,0.036954041570425034,0.019408032298088074
knife6-knife1.png,0.09257026761770248,0.04616876319050789,0.04186108708381653,0.043334588408470154,0.09995271265506744,0.08020579069852829,0.107317253947258,0.051799289882183075,0.0622633621096611,0.018666541203856468,0.04838927835226059,0.03283309563994408,0.043715376406908035,0.15890631079673767,0.045745331794023514,0.026270875707268715
knife6-oven3.png,0.08436689525842667,0.03859591856598854,0.03233594447374344,0.06268273293972015,0.0718810185790062,0.11404995620250702,0.03267773240804672,0.06122487410902977,0.10278058052062988,0.04149095341563225,0.05793396756052971,0.03685940429568291,0.024142934009432793,0.1693417876958847,0.047528546303510666,0.022106746211647987
knife6-truck1.png,0.07439680397510529,0.0432937853038311,0.02682022750377655,0.02354699745774269,0.12408754974603653,0.06486839056015015,0.11807307600975037,0.04830382391810417,0.054757010191679,0.024401303380727768,0.04289243370294571,0.03470617160201073,0.08942203223705292,0.13402505218982697,0.07319296896457672,0.023212380707263947
knife7-airplane3.png,0.1514248251914978,0.046159468591213226,0.02243686281144619,0.04394447058439255,0.16524182260036469,0.017608515918254852,0.10465440899133682,0.09924092143774033,0.041130103170871735,0.004486504476517439,0.024326074868440628,0.07555036246776581,0.06845784932374954,0.04084542766213417,0.04442198947072029,0.050070468336343765
knife7-bird3.png,0.1668134480714798,0.024053383618593216,0.03315728157758713,0.03500480204820633,0.08615567535161972,0.02552925795316696,0.16111589968204498,0.050797637552022934,0.08471222221851349,0.009942558594048023,0.029250139370560646,0.03422791138291359,0.09699961543083191,0.04357333481311798,0.07176924496889114,0.04689760133624077
knife7-boat3.png,0.05618172883987427,0.05945425108075142,0.023197699338197708,0.0620729960501194,0.06402278691530228,0.06099507212638855,0.1286625862121582,0.045826081186532974,0.031621821224689484,0.023685632273554802,0.06218601018190384,0.07372604310512543,0.08068988472223282,0.07982613891363144,0.059031784534454346,0.08881952613592148
knife7-bottle3.png,0.10555502027273178,0.04301732778549194,0.03576546162366867,0.0634327307343483,0.06482037901878357,0.10734333842992783,0.043055858463048935,0.05935240164399147,0.07278715819120407,0.011956713162362576,0.045474015176296234,0.06902096420526505,0.11227080971002579,0.09596080332994461,0.02245752513408661,0.047729481011629105
knife7-car2.png,0.06877440959215164,0.08457811176776886,0.02737439237535,0.07372242212295532,0.0792403593659401,0.04801179841160774,0.10096890479326248,0.07330220937728882,0.026501260697841644,0.016153009608387947,0.05210483819246292,0.04683845862746239,0.09744695574045181,0.0904579907655716,0.08912554383277893,0.025399276986718178
knife7-chair2.png,0.0805850476026535,0.0424870140850544,0.020697176456451416,0.06038617342710495,0.08847291767597198,0.089248888194561,0.05294770002365112,0.053787995129823685,0.11638635396957397,0.020753193646669388,0.05543765798211098,0.016385983675718307,0.045904867351055145,0.13518686592578888,0.0867978185415268,0.03453440219163895
knife7-elephant2.png,0.033706847578287125,0.06434347480535507,0.022865766659379005,0.047987084835767746,0.05944957584142685,0.04667726904153824,0.06030759587883949,0.07374118268489838,0.09704164415597916,0.016537560150027275,0.03802727162837982,0.08184448629617691,0.13857045769691467,0.14996474981307983,0.05253969505429268,0.016395283862948418
knife8-bicycle1.png,0.07798042893409729,0.05476914346218109,0.022654257714748383,0.10437644273042679,0.09513416141271591,0.0598495788872242,0.028715603053569794,0.11777454614639282,0.03826579824090004,0.011920375749468803,0.06212771683931351,0.02055436559021473,0.13835635781288147,0.13027438521385193,0.015756169334053993,0.021490706130862236
knife8-boat1.png,0.0703471377491951,0.03588725998997688,0.02236371487379074,0.07409213483333588,0.14315178990364075,0.02774110995233059,0.06371451914310455,0.07159344851970673,0.0569816529750824,0.014265521429479122,0.06455433368682861,0.029837392270565033,0.09187721461057663,0.19210560619831085,0.01931646093726158,0.02217075787484646
knife8-bottle3.png,0.11834312975406647,0.04121227189898491,0.042720526456832886,0.07299404591321945,0.07520683854818344,0.057730671018362045,0.03552737087011337,0.08506500720977783,0.07738219201564789,0.01569225825369358,0.03547448292374611,0.04020090401172638,0.12042941153049469,0.10471522808074951,0.021618682891130447,0.05568690225481987
knife8-car2.png,0.058454010635614395,0.04873759672045708,0.022703254595398903,0.106132373213768,0.1361093521118164,0.05268607661128044,0.06649435311555862,0.08337727189064026,0.05204601213335991,0.011579619720578194,0.07606466114521027,0.039442334324121475,0.1209542378783226,0.0739784836769104,0.031530722975730896,0.01970965601503849
knife8-cat2.png,0.08397975564002991,0.05345500633120537,0.06053692102432251,0.05249255523085594,0.06829720735549927,0.054817236959934235,0.032568447291851044,0.08419477194547653,0.11394394189119339,0.027996940538287163,0.054753392934799194,0.06700076162815094,0.11974841356277466,0.05136089399456978,0.04912227764725685,0.025731530040502548
knife8-truck3.png,0.07971624284982681,0.03096885047852993,0.05373895540833473,0.08707906305789948,0.12359409034252167,0.07107821106910706,0.08410690724849701,0.03609856590628624,0.10920025408267975,0.021283309906721115,0.09608964622020721,0.03897469863295555,0.018434563651680946,0.07052965462207794,0.028080886229872704,0.051026128232479095
knife9-airplane2.png,0.10328888893127441,0.040400516241788864,0.024796273559331894,0.08992674946784973,0.1303391009569168,0.07151661813259125,0.08300351351499557,0.08404071629047394,0.030088169500231743,0.01432275865226984,0.050761446356773376,0.017347723245620728,0.06280600279569626,0.15030531585216522,0.015534439124166965,0.03152181953191757
knife9-bear3.png,0.0894947424530983,0.04785645753145218,0.05184438079595566,0.08532839268445969,0.14305080473423004,0.055715858936309814,0.05276265740394592,0.033289145678281784,0.03181232139468193,0.043065186589956284,0.0439143143594265,0.04595008119940758,0.048757463693618774,0.15594635903835297,0.04562041163444519,0.025591382756829262
knife9-bicycle1.png,0.11635764688253403,0.05393411964178085,0.043098192662000656,0.09194108098745346,0.05895373597741127,0.061181262135505676,0.024253899231553078,0.07386752963066101,0.07456578314304352,0.013618060387670994,0.08469460904598236,0.016331396996974945,0.09543081372976303,0.14747458696365356,0.02101113647222519,0.02328609488904476
knife9-bird1.png,0.07901406288146973,0.04934641718864441,0.026097845286130905,0.1968737542629242,0.1906624734401703,0.03133966773748398,0.04634464159607887,0.04229075089097023,0.03164662793278694,0.020915590226650238,0.0609634667634964,0.026790641248226166,0.030405156314373016,0.12195789068937302,0.03055524453520775,0.014795760624110699
knife9-boat1.png,0.061208441853523254,0.033285848796367645,0.019812090322375298,0.05375289544463158,0.1311696171760559,0.05995727330446243,0.0411699041724205,0.043659042567014694,0.07338724285364151,0.014523327350616455,0.06839128583669662,0.018810532987117767,0.11359608173370361,0.22275543212890625,0.022067414596676826,0.022453516721725464
knife9-bottle2.png,0.049877315759658813,0.08245831727981567,0.03884473070502281,0.055148378014564514,0.13265183568000793,0.05054638162255287,0.04127306863665581,0.11694144457578659,0.03261500224471092,0.009093662723898888,0.08925323188304901,0.0241493321955204,0.07618416100740433,0.15192747116088867,0.012815256603062153,0.03622036799788475
knife9-chair1.png,0.12017779052257538,0.029011039063334465,0.02581808716058731,0.055484384298324585,0.07701592147350311,0.04586338624358177,0.04723535105586052,0.047947801649570465,0.0649016723036766,0.011020486243069172,0.08294181525707245,0.029560409486293793,0.05019062012434006,0.20706447958946228,0.08517923206090927,0.020587457343935966
knife9-elephant2.png,0.06235656514763832,0.04733075574040413,0.07253734767436981,0.060059159994125366,0.0919967070221901,0.10336536169052124,0.022993121296167374,0.05964747071266174,0.042503491044044495,0.03140635043382645,0.05606132000684738,0.04355499520897865,0.0947512611746788,0.13684384524822235,0.04428647831082344,0.030305728316307068
oven1-bird3.png,0.049142125993967056,0.04702591896057129,0.015409826301038265,0.027531208470463753,0.05382354557514191,0.04904914274811745,0.050290483981370926,0.02104506455361843,0.025846518576145172,0.0134260980412364,0.021082110702991486,0.022473249584436417,0.2366359382867813,0.02407745271921158,0.30508068203926086,0.038060691207647324
oven1-boat3.png,0.06795358657836914,0.03361890837550163,0.02926691062748432,0.041874755173921585,0.07305338233709335,0.04701177775859833,0.07748095691204071,0.033465463668107986,0.05251850187778473,0.019820965826511383,0.030271265655755997,0.03486315533518791,0.13312435150146484,0.04417039081454277,0.19744275510311127,0.0840628370642662
oven1-cat1.png,0.03684595227241516,0.05418636277318001,0.012414512224495411,0.062337737530469894,0.09845142066478729,0.049488987773656845,0.06740623712539673,0.05538817495107651,0.029653621837496758,0.010065249167382717,0.033566005527973175,0.05696553364396095,0.23368674516677856,0.039500538259744644,0.14198538661003113,0.018057450652122498
oven1-clock3.png,0.039607852697372437,0.020649468526244164,0.018259786069393158,0.03228604793548584,0.07514479011297226,0.036647018045186996,0.09080836176872253,0.020399974659085274,0.02800619788467884,0.008446406573057175,0.014567571692168713,0.022172627970576286,0.13647295534610748,0.013933372683823109,0.39034304022789,0.05225459858775139
oven1-dog3.png,0.02772604301571846,0.056187309324741364,0.008521324954926968,0.03507184982299805,0.05488605797290802,0.04632491245865822,0.07772113382816315,0.056267015635967255,0.032254792749881744,0.00961975660175085,0.04681887477636337,0.026160828769207,0.15465570986270905,0.0194399356842041,0.32388532161712646,0.02445918321609497
oven10-airplane2.png,0.05102476477622986,0.015092414803802967,0.019467050209641457,0.01973801851272583,0.10556965321302414,0.011836228892207146,0.06952057033777237,0.019595345482230186,0.03717457130551338,0.010534136556088924,0.024590101093053818,0.012470938265323639,0.03625629097223282,0.014174312353134155,0.47759541869163513,0.07536018639802933
oven10-bear1.png,0.02571265399456024,0.024096766486763954,0.017274724319577217,0.012782842852175236,0.02502543479204178,0.013590499758720398,0.03039008378982544,0.013155894353985786,0.02082587033510208,0.011156929656863213,0.023567896336317062,0.01387801207602024,0.07063184678554535,0.011676939204335213,0.6473811268806458,0.03885246068239212
oven10-bicycle1.png,0.09738780558109283,0.030589256435632706,0.02957848645746708,0.05130966007709503,0.05381481349468231,0.0473911426961422,0.028112903237342834,0.05029181018471718,0.054041143506765366,0.017554378136992455,0.04311537370085716,0.01529351994395256,0.2149537056684494,0.08544371277093887,0.13120611011981964,0.049916237592697144
oven10-boat2.png,0.043169163167476654,0.05065644904971123,0.03311286121606827,0.04930241405963898,0.09590701013803482,0.05663865804672241,0.04363524541258812,0.06715666502714157,0.037637509405612946,0.03826407343149185,0.04144454002380371,0.024213062599301338,0.1229255422949791,0.032602932304143906,0.23459194600582123,0.028741899877786636
oven10-cat2.png,0.05719491094350815,0.018874939531087875,0.03629674017429352,0.02139423042535782,0.061295170336961746,0.049374282360076904,0.014627071097493172,0.026068441569805145,0.033098455518484116,0.009908813051879406,0.02323714643716812,0.02657453529536724,0.1390572488307953,0.0431375689804554,0.40420496463775635,0.035655420273542404
oven10-oven3.png,0.015244362875819206,0.016977783292531967,0.010855352506041527,0.01089426502585411,0.03218521177768707,0.007073359563946724,0.016737615689635277,0.020281007513403893,0.02398730255663395,0.0080031743273139,0.018429389223456383,0.02322891168296337,0.02917385846376419,0.018983326852321625,0.7256024479866028,0.02234259992837906
oven10-truck2.png,0.010311376303434372,0.032005131244659424,0.02217068150639534,0.01680987887084484,0.02779623121023178,0.01807597279548645,0.09781987965106964,0.014608308672904968,0.013461408205330372,0.03757989779114723,0.027589472010731697,0.015856163576245308,0.022392313927412033,0.025739921256899834,0.5196267366409302,0.09815660119056702
oven2-bear3.png,0.014744528569281101,0.032193876802921295,0.030422896146774292,0.038901206105947495,0.030745703727006912,0.09127973765134811,0.08770440518856049,0.06545529514551163,0.1579527109861374,0.029381800442934036,0.025775335729122162,0.01955874264240265,0.05837531387805939,0.05957496538758278,0.22220079600811005,0.03573274984955788
oven2-bicycle1.png,0.036098308861255646,0.023128077387809753,0.018087640404701233,0.041913051158189774,0.034475311636924744,0.08523279428482056,0.053458575159311295,0.03668510541319847,0.13246676325798035,0.02124779485166073,0.025903725996613503,0.019821375608444214,0.1024772971868515,0.02621028944849968,0.26032766699790955,0.08246620744466782
oven2-bird2.png,0.016721971333026886,0.010826269164681435,0.026874661445617676,0.028747735545039177,0.03209671005606651,0.03624137490987778,0.06102185696363449,0.02033275179564953,0.13867326080799103,0.026405224576592445,0.00937571283429861,0.010978499427437782,0.06654934585094452,0.016584740951657295,0.4383038580417633,0.060266073793172836
oven2-boat3.png,0.016587838530540466,0.02405976690351963,0.025658708065748215,0.035402845591306686,0.044926002621650696,0.04090259224176407,0.0706978365778923,0.03784669563174248,0.188674196600914,0.02665238454937935,0.023009197786450386,0.03674932196736336,0.059269268065690994,0.012293625622987747,0.2997310757637024,0.05753863975405693
oven2-bottle1.png,0.04802066460251808,0.02559392899274826,0.030880331993103027,0.03653906658291817,0.034062549471855164,0.10749039798974991,0.03290712088346481,0.024078866466879845,0.07616432756185532,0.09541246294975281,0.03725755214691162,0.03125668689608574,0.14476534724235535,0.017390672117471695,0.20747628808021545,0.0507037453353405
oven2-car1.png,0.04224829748272896,0.0599309541285038,0.022065414115786552,0.05515502393245697,0.06668704003095627,0.036211784929037094,0.07145394384860992,0.06579972058534622,0.042391903698444366,0.015609104186296463,0.04029100388288498,0.05958769842982292,0.08223342150449753,0.0220870990306139,0.2761869430541992,0.04206068813800812
oven2-chair1.png,0.009994927793741226,0.01846487447619438,0.016045019030570984,0.013945366255939007,0.040502384305000305,0.0386202372610569,0.06256071478128433,0.03040407784283161,0.0960208922624588,0.01567826233804226,0.02100430801510811,0.009729399345815182,0.03516518324613571,0.007077157963067293,0.5452364087104797,0.03955087810754776
oven2-dog3.png,0.01378685887902975,0.03763103112578392,0.019052840769290924,0.050575412809848785,0.0390549972653389,0.027391834184527397,0.07726643979549408,0.08069576323032379,0.04561179131269455,0.01862417720258236,0.0542382150888443,0.017061639577150345,0.030682027339935303,0.016687778756022453,0.4251474440097809,0.04649181291460991
oven2-oven3.png,0.004182406235486269,0.012342134490609169,0.008061760105192661,0.01722794957458973,0.00900090578943491,0.00988718681037426,0.01507619209587574,0.011958843097090721,0.020647889003157616,0.02829814702272415,0.02015364170074463,0.0056212409399449825,0.015006421133875847,0.00579808559268713,0.7911217212677002,0.025615431368350983
oven2-truck3.png,0.027983486652374268,0.021739616990089417,0.026469632983207703,0.048594988882541656,0.05177750065922737,0.014300773851573467,0.12622639536857605,0.025980859994888306,0.031177692115306854,0.018956109881401062,0.021138278767466545,0.009458904154598713,0.021987488493323326,0.010151023045182228,0.4671246111392975,0.07693268358707428
oven3-airplane1.png,0.05228674039244652,0.026331011205911636,0.01287815161049366,0.03007209114730358,0.050582949072122574,0.01311909407377243,0.04434416443109512,0.034757547080516815,0.035747136920690536,0.030921390280127525,0.02111925557255745,0.010821548290550709,0.034978147596120834,0.01885782554745674,0.5099681615829468,0.07321470230817795
oven3-bear2.png,0.01794678345322609,0.035202741622924805,0.013167593628168106,0.03341484069824219,0.03410196676850319,0.08093620836734772,0.023683831095695496,0.026056675240397453,0.05450207367539406,0.057844217866659164,0.0326397679746151,0.05653228610754013,0.12755025923252106,0.03300604969263077,0.35489094257354736,0.01852382905781269
oven3-boat3.png,0.009457285515964031,0.025232071056962013,0.01682882010936737,0.02004259265959263,0.0231889970600605,0.03693779930472374,0.016393039375543594,0.013699663802981377,0.030538193881511688,0.06970024108886719,0.04600565880537033,0.037168506532907486,0.0161516722291708,0.007130608893930912,0.5846338272094727,0.04689107462763786
oven3-bottle3.png,0.061028845608234406,0.04137742891907692,0.03208135440945625,0.05502571165561676,0.04941321536898613,0.07998482137918472,0.046358440071344376,0.03728856146335602,0.05989842116832733,0.028264733031392097,0.05285237729549408,0.11774075776338577,0.04962977394461632,0.035911183804273605,0.17985890805721283,0.07328549772500992
oven3-car2.png,0.03826872259378433,0.10411430150270462,0.026309717446565628,0.07379362732172012,0.08471792936325073,0.030798714607954025,0.07934796065092087,0.06955379247665405,0.016126716509461403,0.02557492069900036,0.06207580119371414,0.056920308619737625,0.07149884849786758,0.03321491554379463,0.1923409253358841,0.035342738032341
oven3-cat2.png,0.020387699827551842,0.047729119658470154,0.018812749534845352,0.039280932396650314,0.05630386620759964,0.10566528141498566,0.024616165086627007,0.046954330056905746,0.08965294808149338,0.0529903843998909,0.035960711538791656,0.04619873687624931,0.17657534778118134,0.03157607093453407,0.18702512979507446,0.020270535722374916
oven3-clock3.png,0.027179665863513947,0.03884787857532501,0.07709461450576782,0.0503973551094532,0.036077119410037994,0.04918133467435837,0.06556844711303711,0.07920627295970917,0.049517106264829636,0.05320148169994354,0.03622981905937195,0.1261938512325287,0.02377937361598015,0.011542647145688534,0.1950751543045044,0.0809079185128212
oven3-elephant3.png,0.030265524983406067,0.02989964932203293,0.02596702054142952,0.033723872154951096,0.04655695706605911,0.11794468760490417,0.06319135427474976,0.054316069930791855,0.14940297603607178,0.02716486155986786,0.027622273191809654,0.0542290173470974,0.11052392423152924,0.07274182885885239,0.12128027528524399,0.03516974672675133
oven3-knife1.png,0.022230353206396103,0.049855031073093414,0.015957068651914597,0.02890307456254959,0.03724270313978195,0.028133587911725044,0.09309608489274979,0.035371094942092896,0.0374176986515522,0.018071379512548447,0.05758528411388397,0.05726548284292221,0.01901034452021122,0.015647318214178085,0.3580693304538727,0.1261441558599472
oven3-truck1.png,0.01202649436891079,0.01767931692302227,0.009259717538952827,0.014800536446273327,0.042681749910116196,0.021288933232426643,0.04291244596242905,0.014904219657182693,0.0208236426115036,0.028266344219446182,0.020399736240506172,0.013788784854114056,0.024439502507448196,0.025997968390583992,0.6493229269981384,0.04140769690275192
oven4-bicycle2.png,0.11510487645864487,0.015156606212258339,0.06360706686973572,0.03566954657435417,0.025981953367590904,0.03718935698270798,0.013927215710282326,0.03765447810292244,0.2829074263572693,0.008876347914338112,0.022811178117990494,0.024052999913692474,0.1254483163356781,0.049016691744327545,0.09984754025936127,0.04274839907884598
oven4-bottle2.png,0.041258979588747025,0.041926734149456024,0.04041449353098869,0.033650707453489304,0.0492435097694397,0.0564391054213047,0.037202537059783936,0.05563882365822792,0.10022103786468506,0.0190084520727396,0.04108231142163277,0.04471340775489807,0.14463669061660767,0.04270454868674278,0.19991075992584229,0.05194786936044693
oven4-car1.png,0.036661844700574875,0.047914210706949234,0.026213280856609344,0.0928821712732315,0.10616031289100647,0.04005429521203041,0.04994244500994682,0.06435608863830566,0.14445891976356506,0.01186877116560936,0.07666245847940445,0.04446686431765556,0.09623648971319199,0.03074847161769867,0.10622981935739517,0.025143610313534737
oven4-chair1.png,0.020375126972794533,0.013892863877117634,0.012419536709785461,0.005717843770980835,0.02586948126554489,0.038109540939331055,0.12664438784122467,0.009109382517635822,0.24399352073669434,0.012726793996989727,0.03872792422771454,0.026135185733437538,0.04273739084601402,0.01207705121487379,0.27227070927619934,0.09919330477714539
oven4-clock2.png,0.04439982771873474,0.031320471316576004,0.053259674459695816,0.05248633027076721,0.09997229278087616,0.030014170333743095,0.05530465021729469,0.054718632251024246,0.16914144158363342,0.030278783291578293,0.050871342420578,0.03704995661973953,0.05977405235171318,0.03477192670106888,0.14161337912082672,0.05502306669950485
oven4-dog1.png,0.04547471925616264,0.09911371022462845,0.056174539029598236,0.0421936921775341,0.08365336060523987,0.09346998482942581,0.030586887151002884,0.07353327423334122,0.03973822668194771,0.018563760444521904,0.06863237917423248,0.06266259402036667,0.0642416700720787,0.031165607273578644,0.13191497325897217,0.05888058617711067
oven4-elephant3.png,0.052654068917036057,0.03745575249195099,0.061140529811382294,0.031299129128456116,0.04796762764453888,0.05505719035863876,0.05856117606163025,0.040684934705495834,0.06557798385620117,0.027433061972260475,0.026909032836556435,0.057596661150455475,0.1541622281074524,0.036565765738487244,0.19860930740833282,0.048325520008802414
oven4-keyboard3.png,0.021524565294384956,0.031324196606874466,0.047092076390981674,0.043762676417827606,0.07349089533090591,0.07232721894979477,0.1627599149942398,0.031032215803861618,0.07208514958620071,0.034219201654195786,0.1364557296037674,0.0732785165309906,0.031226566061377525,0.05654962360858917,0.05269917473196983,0.060172248631715775
oven4-knife2.png,0.045742809772491455,0.012458820827305317,0.029432501643896103,0.0263650044798851,0.11468686163425446,0.02924296446144581,0.07758636027574539,0.04775911942124367,0.2348906695842743,0.012256390415132046,0.02904624491930008,0.028712842613458633,0.08561156690120697,0.0356377512216568,0.15510937571525574,0.03546065837144852
oven4-truck3.png,0.014525197446346283,0.019332099705934525,0.02329280972480774,0.017336439341306686,0.03865418955683708,0.012856027111411095,0.09325479716062546,0.023418108001351357,0.08092997223138809,0.013952262699604034,0.023817453533411026,0.01665356382727623,0.021458284929394722,0.008468526415526867,0.5470764636993408,0.044973839074373245
oven5-airplane1.png,0.05570616200566292,0.02460443042218685,0.0334697887301445,0.03301842883229256,0.03601248934864998,0.02621128410100937,0.07633113116025925,0.04935881495475769,0.13205400109291077,0.010794493369758129,0.05416204035282135,0.05195775628089905,0.1432965099811554,0.04729220271110535,0.1343548595905304,0.09137558937072754
oven5-bicycle1.png,0.07106582075357437,0.059744708240032196,0.04419922083616257,0.052457667887210846,0.040032487362623215,0.07313743978738785,0.044746726751327515,0.08734317868947983,0.05351245030760765,0.02583431266248226,0.060300786048173904,0.03598257899284363,0.12028191238641739,0.0718136578798294,0.060991883277893066,0.09855518490076065
oven5-bird1.png,0.047416575253009796,0.04388042539358139,0.029690606519579887,0.07740528881549835,0.19608741998672485,0.1724647879600525,0.036256130784749985,0.06415597349405289,0.031372517347335815,0.02070123329758644,0.040387872606515884,0.06472013890743256,0.05016830191016197,0.08825885504484177,0.017632970586419106,0.019400866702198982
oven5-bottle3.png,0.08528320491313934,0.03556457906961441,0.03415732458233833,0.0645904392004013,0.0657300055027008,0.11273917555809021,0.05382746458053589,0.05641065165400505,0.10876896977424622,0.030453935265541077,0.05333545058965683,0.04912576451897621,0.06121017038822174,0.04350836202502251,0.08478148281574249,0.06051294133067131
oven5-dog3.png,0.06622274965047836,0.04382508248090744,0.03557455167174339,0.053393907845020294,0.04507429525256157,0.0310078002512455,0.056969933211803436,0.09001101553440094,0.041780874133110046,0.013191446661949158,0.04547322168946266,0.04647970572113991,0.048597920686006546,0.01589989848434925,0.2849617004394531,0.08153592795133591
oven5-elephant1.png,0.05678018927574158,0.10040087252855301,0.0548870749771595,0.11384262889623642,0.06026994436979294,0.046139027923345566,0.03276756778359413,0.08757806569337845,0.04348135367035866,0.03728267922997475,0.07952650636434555,0.07419830560684204,0.06866797804832458,0.06906998157501221,0.028343047946691513,0.04676481708884239
oven5-keyboard2.png,0.027869531884789467,0.021213538944721222,0.04922274500131607,0.047485098242759705,0.09593570977449417,0.06153589114546776,0.17070163786411285,0.03077288530766964,0.05587978661060333,0.022328734397888184,0.10465944558382034,0.07757449150085449,0.04761989787220955,0.09987787902355194,0.0362398661673069,0.05108288303017616
oven6-airplane3.png,0.06105663999915123,0.03356963023543358,0.028424499556422234,0.04529368132352829,0.05029957368969917,0.015006065368652344,0.13771240413188934,0.03962935879826546,0.08906026929616928,0.015613686293363571,0.07983194291591644,0.0331813246011734,0.040753595530986786,0.05565756559371948,0.2029840499162674,0.07192570716142654
oven6-bear2.png,0.039625126868486404,0.0518355518579483,0.07859331369400024,0.03900494426488876,0.046650826930999756,0.04243950545787811,0.05060113966464996,0.03856540471315384,0.03975657746195793,0.03593655303120613,0.03280964493751526,0.05828016996383667,0.06136011704802513,0.03482450172305107,0.29400813579559326,0.05570853129029274
oven6-bicycle1.png,0.05545242130756378,0.03966544196009636,0.06654290854930878,0.048237595707178116,0.05784150958061218,0.10443787276744843,0.03419521450996399,0.046444740146398544,0.1179438978433609,0.04276105388998985,0.052150480449199677,0.03022727183997631,0.07216989994049072,0.07694210112094879,0.09216304123401642,0.062824547290802
oven6-bird1.png,0.06441007554531097,0.04286475479602814,0.03495359793305397,0.1302546113729477,0.14063683152198792,0.05063057318329811,0.05659068748354912,0.04770546406507492,0.06974759697914124,0.01969386450946331,0.04280061647295952,0.056265030056238174,0.050917282700538635,0.10908912867307663,0.04142386466264725,0.04201602190732956
oven6-chair3.png,0.09820385277271271,0.04522957652807236,0.048759572207927704,0.034644920378923416,0.04135884717106819,0.053353581577539444,0.07104097306728363,0.053224116563797,0.1483052372932434,0.02009148709475994,0.0365731343626976,0.04001830890774727,0.07419194281101227,0.0541377030313015,0.0819774642586708,0.09888927638530731
oven6-elephant2.png,0.06338293850421906,0.09736436605453491,0.06042419373989105,0.07147353887557983,0.08959630876779556,0.055385809391736984,0.019176270812749863,0.07630709558725357,0.03918479010462761,0.028684863820672035,0.0660567581653595,0.07007540017366409,0.09848963469266891,0.07780557870864868,0.058494217693805695,0.02809813991189003
oven6-knife3.png,0.04993500933051109,0.034711118787527084,0.040333349257707596,0.03317935764789581,0.033252302557229996,0.026024803519248962,0.21904732286930084,0.021479595452547073,0.06882128119468689,0.022138506174087524,0.06704653799533844,0.05552562698721886,0.04440051317214966,0.054783593863248825,0.14708299934864044,0.08223807066679001
oven6-oven3.png,0.028675144538283348,0.04216228425502777,0.04374643787741661,0.03968476131558418,0.03991834074258804,0.014962321147322655,0.056733421981334686,0.03004622645676136,0.06659757345914841,0.019033318385481834,0.056022729724645615,0.046493254601955414,0.03286360949277878,0.02424113266170025,0.42592450976371765,0.032894957810640335
oven6-truck1.png,0.07202307879924774,0.03207189962267876,0.03319224342703819,0.049685608595609665,0.06036882847547531,0.055360347032547,0.0646037682890892,0.04905847832560539,0.11568701267242432,0.018280772492289543,0.043687786906957626,0.03322356566786766,0.0839494988322258,0.09885429590940475,0.138431116938591,0.05152173712849617
oven7-bottle1.png,0.026583632454276085,0.049060072749853134,0.023913944140076637,0.01921728067100048,0.04245169833302498,0.07646481692790985,0.044069088995456696,0.03923217952251434,0.13869941234588623,0.02104555070400238,0.023621831089258194,0.03275849297642708,0.2433716505765915,0.02247113548219204,0.13571697473526,0.061322201043367386
oven7-car3.png,0.031453199684619904,0.033674031496047974,0.025547776371240616,0.020523037761449814,0.10443789511919022,0.0575355589389801,0.12232229858636856,0.03160308673977852,0.04528996720910072,0.015605493448674679,0.016153333708643913,0.03612380474805832,0.06262999027967453,0.034208040684461594,0.17382657527923584,0.1890658736228943
oven7-cat1.png,0.02801373600959778,0.061274465173482895,0.01658170484006405,0.0641728937625885,0.06980162858963013,0.07111465930938721,0.07185550779104233,0.07705144584178925,0.06726431101560593,0.011959447525441647,0.0502626895904541,0.07629392296075821,0.15791311860084534,0.05439743772149086,0.07795816659927368,0.04408487305045128
oven7-clock2.png,0.015879103913903236,0.037476666271686554,0.011037888936698437,0.017622772604227066,0.05117134749889374,0.05028216168284416,0.08752933889627457,0.06222273409366608,0.08981719613075256,0.013546153903007507,0.026166807860136032,0.018820209428668022,0.07919423282146454,0.0240306593477726,0.34619078040122986,0.06901197135448456
oven7-dog2.png,0.022151004523038864,0.06261928379535675,0.020757656544446945,0.11026614159345627,0.04659029096364975,0.12738037109375,0.0463288240134716,0.05469634756445885,0.07017801702022552,0.01963246800005436,0.04163181036710739,0.13116276264190674,0.10348980128765106,0.06579887121915817,0.048386067152023315,0.028930271044373512
oven7-elephant1.png,0.024157585576176643,0.07001134753227234,0.022776873782277107,0.09935171157121658,0.08073588460683823,0.0742112547159195,0.07862111926078796,0.11445974558591843,0.07015149295330048,0.012010361067950726,0.03382042795419693,0.08041229099035263,0.09509145468473434,0.07288050651550293,0.030434608459472656,0.04087337478995323
oven7-keyboard1.png,0.02779500186443329,0.013045350089669228,0.009290829300880432,0.012532893568277359,0.03420363366603851,0.06299969553947449,0.1053461879491806,0.028710421174764633,0.12605638802051544,0.018053945153951645,0.01743660867214203,0.007621487602591515,0.11914362758398056,0.05346095189452171,0.2718542814254761,0.09244870394468307
oven7-oven1.png,0.0260342787951231,0.05069663003087044,0.018396705389022827,0.01460649911314249,0.05059004947543144,0.022111134603619576,0.03829308599233627,0.07725553214550018,0.09205517172813416,0.011849133297801018,0.00871945172548294,0.01673608087003231,0.08240285515785217,0.028661351650953293,0.4058055579662323,0.05578647553920746
oven8-cat3.png,0.02641308680176735,0.04654480144381523,0.023334868252277374,0.03025541640818119,0.0820825919508934,0.05324287340044975,0.10673049092292786,0.052308741956949234,0.03133898600935936,0.013730457983911037,0.029887650161981583,0.061455387622117996,0.27169710397720337,0.048619791865348816,0.08325646072626114,0.03910129889845848
oven8-chair1.png,0.014556177891790867,0.043377771973609924,0.007267735432833433,0.008128375746309757,0.049708783626556396,0.03474453091621399,0.18554091453552246,0.021816585212945938,0.03633085638284683,0.007076304871588945,0.0174893569201231,0.0368952639400959,0.1604701578617096,0.02133054845035076,0.27975237369537354,0.0755143016576767
oven8-keyboard3.png,0.05710086598992348,0.05533892661333084,0.02525382488965988,0.03967704996466637,0.1108224168419838,0.028044218197464943,0.10515816509723663,0.05772784724831581,0.03681935742497444,0.013650708831846714,0.04249012842774391,0.08132460713386536,0.15319277346134186,0.10374465584754944,0.07063549757003784,0.019018912687897682
oven8-knife2.png,0.025976918637752533,0.02091539464890957,0.013097934424877167,0.012184929102659225,0.08770515769720078,0.009026742540299892,0.1726193130016327,0.015242570079863071,0.02171255648136139,0.007466020993888378,0.006678742356598377,0.013645417988300323,0.06766624748706818,0.017471475526690483,0.44703394174575806,0.061556655913591385
oven9-airplane2.png,0.05109314247965813,0.020746929571032524,0.02052774280309677,0.03644418716430664,0.10897675156593323,0.01254250667989254,0.20196884870529175,0.021328192204236984,0.07033338397741318,0.011964762583374977,0.03914204239845276,0.02100377343595028,0.027175547555088997,0.018972305580973625,0.23684300482273102,0.10093694180250168
oven9-bear2.png,0.037187982350587845,0.03978634625673294,0.046801142394542694,0.026690809056162834,0.057573191821575165,0.05712058022618294,0.05425228551030159,0.028442561626434326,0.03507128730416298,0.027499129995703697,0.024842029437422752,0.049962595105171204,0.07608503103256226,0.04487008973956108,0.3277896046638489,0.06602535396814346
oven9-bird3.png,0.039503712207078934,0.023996718227863312,0.010009350255131721,0.03286832943558693,0.03451487794518471,0.005731785204261541,0.025243747979402542,0.01790723018348217,0.039016228169202805,0.015612301416695118,0.050088271498680115,0.010620790533721447,0.011840809136629105,0.01580205373466015,0.642569899559021,0.024673864245414734
oven9-boat2.png,0.04270100221037865,0.023184573277831078,0.03568647429347038,0.0263590719550848,0.04080205410718918,0.03267895057797432,0.09805060178041458,0.02072780206799507,0.11390339583158493,0.02178986743092537,0.02083350531756878,0.021540317684412003,0.05801045894622803,0.02652822621166706,0.35164180397987366,0.06556191295385361
oven9-car2.png,0.04519211873412132,0.04834612458944321,0.04869743809103966,0.1055079773068428,0.14636914432048798,0.03319408744573593,0.09073035418987274,0.064251609146595,0.07236659526824951,0.031545717269182205,0.08805911988019943,0.037954818457365036,0.04907124117016792,0.03980529308319092,0.07468461245298386,0.024223705753684044
oven9-chair1.png,0.03342267870903015,0.0313195064663887,0.009797685779631138,0.022575419396162033,0.06731536239385605,0.043218761682510376,0.1625106930732727,0.025257688015699387,0.11561448127031326,0.019492562860250473,0.05477871373295784,0.019706975668668747,0.049386873841285706,0.02294217422604561,0.2906975746154785,0.031962793320417404
oven9-clock2.png,0.054482266306877136,0.04548519104719162,0.05375809967517853,0.05355219542980194,0.07953453063964844,0.040457554161548615,0.1479736566543579,0.040095798671245575,0.06734805554151535,0.03720294311642647,0.059837762266397476,0.03572998195886612,0.02635713294148445,0.04340245574712753,0.11052916198968887,0.1042531430721283
oven9-keyboard1.png,0.04241359978914261,0.014875439926981926,0.015320154838263988,0.008349292911589146,0.02241687662899494,0.017612289637327194,0.17373493313789368,0.00825541652739048,0.0603795051574707,0.006756399758160114,0.015726303681731224,0.014148754999041557,0.027831053361296654,0.017547570168972015,0.39666950702667236,0.1579628586769104
oven9-knife3.png,0.041843872517347336,0.04090327396988869,0.04618201404809952,0.023098820820450783,0.04474184662103653,0.03519408777356148,0.15259099006652832,0.038676679134368896,0.0723600834608078,0.022000884637236595,0.12302075326442719,0.07241921126842499,0.04200877621769905,0.05128514766693115,0.09805029630661011,0.09562330693006516
oven9-oven1.png,0.03226100280880928,0.02095327153801918,0.013325068168342113,0.036479879170656204,0.05171940475702286,0.010350084863603115,0.04474443197250366,0.021417347714304924,0.0638604611158371,0.016186876222491264,0.045599814504384995,0.01920652575790882,0.018201787024736404,0.02733524702489376,0.5576748251914978,0.020683953538537025
truck1-bear1.png,0.03041028045117855,0.055725838989019394,0.03407667577266693,0.07274433970451355,0.04592515528202057,0.033261772245168686,0.09306781738996506,0.09201543778181076,0.08217744529247284,0.008176831528544426,0.037431053817272186,0.06442322582006454,0.1464512050151825,0.034110985696315765,0.0694282054901123,0.10057374089956284
truck1-bicycle3.png,0.035786136984825134,0.04334971308708191,0.04867064207792282,0.030670836567878723,0.09288603812456131,0.1468806117773056,0.05804278329014778,0.05688808858394623,0.10153844952583313,0.027201643213629723,0.04323532059788704,0.05839143320918083,0.09336910396814346,0.05738484486937523,0.040345244109630585,0.06535903364419937
truck1-bird1.png,0.04226657375693321,0.04960762336850166,0.008868338540196419,0.09844931215047836,0.11917532235383987,0.04786844179034233,0.0791732594370842,0.0817757323384285,0.038179852068424225,0.008396914228796959,0.0355801060795784,0.07438216358423233,0.12024194002151489,0.1199682280421257,0.06257025897502899,0.013495906256139278
truck1-car3.png,0.04056789353489876,0.012432420626282692,0.03999116271734238,0.020769527181982994,0.034794170409440994,0.017628377303481102,0.1773047000169754,0.019767967984080315,0.018181953579187393,0.017710795626044273,0.02386840060353279,0.019134240224957466,0.015197313390672207,0.013190207071602345,0.020723911002278328,0.5087369084358215
truck1-cat1.png,0.05609094351530075,0.06293945014476776,0.03877675533294678,0.0627434104681015,0.08826112747192383,0.04895118251442909,0.09347674995660782,0.09096766263246536,0.03302806615829468,0.017058108001947403,0.03864561393857002,0.07750346511602402,0.13120774924755096,0.04132732376456261,0.029900414869189262,0.08912190049886703
truck1-chair2.png,0.031862903386354446,0.018953828141093254,0.04409283027052879,0.017487233504652977,0.030835114419460297,0.021328020840883255,0.07173455506563187,0.03489428386092186,0.05649443715810776,0.017144007608294487,0.035405032336711884,0.013813074678182602,0.02153085358440876,0.012701018713414669,0.06174588203430176,0.5099769234657288
truck1-clock3.png,0.025576410815119743,0.017367366701364517,0.06786240637302399,0.025382015854120255,0.02919383905827999,0.01460831519216299,0.17682906985282898,0.05861659720540047,0.018336603417992592,0.017476189881563187,0.026979587972164154,0.019380701705813408,0.009396339766681194,0.009682603180408478,0.03777919337153435,0.4455326497554779
truck1-dog1.png,0.02303207479417324,0.11148308962583542,0.01628839783370495,0.04343096911907196,0.03165788576006889,0.1183067187666893,0.06846705079078674,0.07414012402296066,0.061664845794439316,0.013551117852330208,0.04994174838066101,0.11523810774087906,0.10850632935762405,0.02871798165142536,0.045624494552612305,0.08994900435209274
truck1-knife1.png,0.02955012395977974,0.024146627634763718,0.06202974542975426,0.030815796926617622,0.03701074421405792,0.014269164763391018,0.13281427323818207,0.023066673427820206,0.027906352654099464,0.011727371253073215,0.07075195014476776,0.06367287784814835,0.02273990400135517,0.009122985415160656,0.02249629981815815,0.4178790748119354
truck10-airplane1.png,0.05407271534204483,0.01821000687777996,0.016170121729373932,0.015245852060616016,0.04512555152177811,0.01150381937623024,0.14788588881492615,0.026790790259838104,0.09039465337991714,0.004065391141921282,0.02470492385327816,0.021224120631814003,0.054903384298086166,0.019193723797798157,0.12660226225852966,0.3239067792892456
truck10-bicycle1.png,0.09758728742599487,0.05766897276043892,0.07133634388446808,0.07643432915210724,0.06342272460460663,0.034846801310777664,0.06935176998376846,0.07722972333431244,0.06684092432260513,0.022613251581788063,0.036767687648534775,0.03929737210273743,0.04531015083193779,0.08214960247278214,0.0230836421251297,0.13605943322181702
truck10-car3.png,0.0892070084810257,0.04103023558855057,0.04682004824280739,0.04289306327700615,0.06732874363660812,0.022805891931056976,0.18116310238838196,0.026179613545536995,0.07752352952957153,0.01988879218697548,0.03422269970178604,0.03676311671733856,0.04032474383711815,0.0396297350525856,0.039735183119773865,0.19448447227478027
truck10-clock1.png,0.06536469608545303,0.03447096422314644,0.056304432451725006,0.036024514585733414,0.13478676974773407,0.02153041958808899,0.13560011982917786,0.035725224763154984,0.08185514807701111,0.021905938163399696,0.029375866055488586,0.04147082939743996,0.02802620641887188,0.044248100370168686,0.06279873102903366,0.17051197588443756
truck10-elephant3.png,0.06031559780240059,0.05925806611776352,0.062017761170864105,0.054811909794807434,0.05180831626057625,0.05339454486966133,0.07226614654064178,0.06529179960489273,0.033287856727838516,0.03228955715894699,0.05422733724117279,0.11141633242368698,0.12082932889461517,0.06538772583007812,0.03915048763155937,0.06424716860055923
truck10-truck3.png,0.03662460669875145,0.02738221175968647,0.01802092045545578,0.013770571909844875,0.02857719175517559,0.00964762456715107,0.3521973192691803,0.011706138029694557,0.05600864440202713,0.007189224474132061,0.01797681488096714,0.011318232864141464,0.016961926594376564,0.006785660516470671,0.0670509934425354,0.31878194212913513
truck2-airplane3.png,0.03052937053143978,0.011693594977259636,0.01760535128414631,0.008938080631196499,0.015307922847568989,0.006956260651350021,0.4083060324192047,0.0136040598154068,0.012925687246024609,0.008859144523739815,0.022261053323745728,0.013161108829081059,0.021385040134191513,0.03729541227221489,0.0215242188423872,0.3496477007865906
truck2-bicycle2.png,0.08426126092672348,0.0401436984539032,0.04974915459752083,0.04661014676094055,0.08015406876802444,0.04007773473858833,0.06674040853977203,0.032871175557374954,0.022717855870723724,0.02017126977443695,0.03445090726017952,0.04065787419676781,0.0793081670999527,0.12360747903585434,0.04310332238674164,0.19537553191184998
truck2-bird2.png,0.06071505323052406,0.030513858422636986,0.03512852266430855,0.020526474341750145,0.016474643722176552,0.009063435718417168,0.11699501425027847,0.014246045611798763,0.009880083613097668,0.007292251102626324,0.017265163362026215,0.02324160747230053,0.025896670296788216,0.037476323544979095,0.04621081054210663,0.5290740728378296
truck2-boat3.png,0.08337394893169403,0.016995305195450783,0.012204849161207676,0.005702361464500427,0.009982181712985039,0.018826888874173164,0.06114613264799118,0.016320254653692245,0.030551103875041008,0.004960157442837954,0.011564237996935844,0.02196912281215191,0.07985512912273407,0.024960409849882126,0.07827384024858475,0.5233140587806702
truck2-bottle3.png,0.11600163578987122,0.043988022953271866,0.05115270987153053,0.023832285776734352,0.03746222332119942,0.13771606981754303,0.05170540511608124,0.06831155717372894,0.022338876500725746,0.021590420976281166,0.027982881292700768,0.03170320764183998,0.060724809765815735,0.07235264778137207,0.04227731376886368,0.19085994362831116
truck2-car3.png,0.13636043667793274,0.022279130294919014,0.04042425379157066,0.020563215017318726,0.027997970581054688,0.022937295958399773,0.15978758037090302,0.03755446523427963,0.05139407142996788,0.009868173860013485,0.019377710297703743,0.026917556300759315,0.053011782467365265,0.07998427003622055,0.04595581442117691,0.24558626115322113
truck2-chair1.png,0.038801487535238266,0.004526243079453707,0.009229710325598717,0.002081056358292699,0.007655483670532703,0.009158718399703503,0.17860674858093262,0.003537073964253068,0.014265787787735462,0.006867398042231798,0.006086475681513548,0.009639051742851734,0.015022480860352516,0.02044582925736904,0.04331071674823761,0.6307657361030579
truck2-clock1.png,0.08115503937005997,0.03503577038645744,0.07600627094507217,0.018070410937070847,0.033842045813798904,0.017181504517793655,0.09214240312576294,0.030804233625531197,0.04341307282447815,0.04405441880226135,0.021430524066090584,0.021541191264986992,0.043787408620119095,0.03472952917218208,0.05943278595805168,0.3473733961582184
truck2-elephant1.png,0.08927521854639053,0.056244898587465286,0.06340789049863815,0.09329979866743088,0.07015480101108551,0.03591591492295265,0.055236510932445526,0.053304027765989304,0.046536047011613846,0.030813414603471756,0.054489415138959885,0.053958941251039505,0.08835288882255554,0.11793641746044159,0.03476528078317642,0.056308526545763016
truck2-keyboard1.png,0.04689984396100044,0.006861736532300711,0.009367368184030056,0.002344672568142414,0.004748052451759577,0.00603729160502553,0.12771224975585938,0.0037390226498246193,0.005235996562987566,0.002187857637181878,0.005869417451322079,0.010465692728757858,0.021455364301800728,0.022833336144685745,0.025826243683695793,0.6984159350395203
truck2-oven3.png,0.03525901585817337,0.02411065064370632,0.019379975274205208,0.005375659558922052,0.013886483386158943,0.009693753905594349,0.09494016319513321,0.009228037670254707,0.02262856252491474,0.010685994289815426,0.016666918992996216,0.020100869238376617,0.01796574331820011,0.02000764012336731,0.0990602895617485,0.5810102224349976
truck3-bear3.png,0.03810833767056465,0.11738856881856918,0.022268686443567276,0.07252685725688934,0.04097680747509003,0.03271833807229996,0.06789731234312057,0.06455916166305542,0.030531659722328186,0.016134968027472496,0.07785302400588989,0.17394769191741943,0.0952574834227562,0.04541321471333504,0.03258984908461571,0.07182800024747849
truck3-bicycle1.png,0.0948261171579361,0.09762369841337204,0.030862046405673027,0.0917411595582962,0.053457628935575485,0.0221453495323658,0.044401079416275024,0.1054123193025589,0.0288790762424469,0.02062615007162094,0.06545404344797134,0.06778660416603088,0.0869264006614685,0.08885513246059418,0.047079652547836304,0.05392347276210785
truck3-bird2.png,0.1688532680273056,0.0417853407561779,0.17407503724098206,0.0852525383234024,0.03819214180111885,0.01768099144101143,0.04598081111907959,0.08233293145895004,0.0317433625459671,0.015984317287802696,0.039131853729486465,0.0504448264837265,0.026994502171874046,0.03733937814831734,0.019247600808739662,0.12496107071638107
truck3-car3.png,0.05919878929853439,0.0720076858997345,0.046361956745386124,0.05070667341351509,0.07177749276161194,0.032271433621644974,0.085036501288414,0.10816455632448196,0.02800275757908821,0.023464452475309372,0.07483473420143127,0.07098973542451859,0.07240457832813263,0.04367240145802498,0.07884896546602249,0.08225718140602112
truck3-cat1.png,0.04972662031650543,0.12023289501667023,0.0313822440803051,0.08291617035865784,0.051449406892061234,0.05035415664315224,0.06392011791467667,0.12658891081809998,0.026135563850402832,0.02800562232732773,0.08675949275493622,0.12028995156288147,0.05393439158797264,0.03561053425073624,0.01844916120171547,0.05424469709396362
truck3-chair2.png,0.07050439715385437,0.03403935208916664,0.047032032161951065,0.020234204828739166,0.04557598754763603,0.03576941043138504,0.06526736170053482,0.06836406141519547,0.044474899768829346,0.020930202677845955,0.027470994740724564,0.01708381436765194,0.07642953097820282,0.03315280005335808,0.043002527207136154,0.35066843032836914
truck3-clock3.png,0.08297368139028549,0.027372932061553,0.14654293656349182,0.037288598716259,0.045847367495298386,0.021884962916374207,0.1635032296180725,0.06858143955469131,0.029929080978035927,0.025470957159996033,0.018159860745072365,0.030381545424461365,0.03081967867910862,0.0207242202013731,0.059643473476171494,0.1908760368824005
truck3-dog3.png,0.04671034589409828,0.0793139711022377,0.07372861355543137,0.09323951601982117,0.030422596260905266,0.03506528586149216,0.1224057525396347,0.09741251915693283,0.03505776450037956,0.03960472345352173,0.048630956560373306,0.059946950525045395,0.07813791185617447,0.0418645404279232,0.05610889568924904,0.062349673360586166
truck3-keyboard3.png,0.10552994161844254,0.0330805629491806,0.32153818011283875,0.04507292062044144,0.036855146288871765,0.03089870698750019,0.045134879648685455,0.042392343282699585,0.06652920693159103,0.021291809156537056,0.05321037396788597,0.05813688784837723,0.03193828463554382,0.06526172906160355,0.018710747361183167,0.024418314918875694
truck3-knife2.png,0.08459137380123138,0.08057655394077301,0.07861669361591339,0.04637598246335983,0.068233922123909,0.01702818088233471,0.07527375221252441,0.05342119187116623,0.018650148063898087,0.02733766846358776,0.02497648075222969,0.04187847673892975,0.051175545901060104,0.04204018414020538,0.06342972815036774,0.22639410197734833
truck3-oven2.png,0.0253392793238163,0.021773338317871094,0.018152514472603798,0.02406788058578968,0.019859137013554573,0.011258143000304699,0.13190221786499023,0.024692852050065994,0.013547880575060844,0.02557089366018772,0.02391721121966839,0.013352823443710804,0.022230036556720734,0.024661896750330925,0.2730165123939514,0.32665741443634033
truck4-airplane3.png,0.02443038858473301,0.03504619747400284,0.026775406673550606,0.01372092217206955,0.013334056362509727,0.011079949326813221,0.18422073125839233,0.025112532079219818,0.07702380418777466,0.012420241720974445,0.05532659590244293,0.029806869104504585,0.020366666838526726,0.02197270840406418,0.038113970309495926,0.41124892234802246
truck4-bear1.png,0.046391408890485764,0.13412413001060486,0.033524371683597565,0.0821259394288063,0.06087835505604744,0.01442630309611559,0.16158480942249298,0.07398834079504013,0.040752969682216644,0.020127829164266586,0.04667427018284798,0.05331255868077278,0.041995126754045486,0.014398428611457348,0.1185072511434555,0.05718793347477913
truck4-boat3.png,0.023350359871983528,0.09796881675720215,0.027841350063681602,0.024141917005181313,0.010100297629833221,0.021673938259482384,0.12418287992477417,0.023266512900590897,0.06039145216345787,0.015090861357748508,0.0537324957549572,0.04077323526144028,0.03154878690838814,0.011889752931892872,0.0896834060549736,0.3443639576435089
truck4-bottle2.png,0.03603031858801842,0.059023719280958176,0.0827423483133316,0.014124784618616104,0.014109627343714237,0.0253071840852499,0.10361694544553757,0.04130728915333748,0.05393287166953087,0.01863793283700943,0.06139682978391647,0.05259620398283005,0.05272768437862396,0.02794819511473179,0.04484088718891144,0.31165722012519836
truck4-knife1.png,0.04596715793013573,0.03615150600671768,0.052305977791547775,0.023920556530356407,0.030619867146015167,0.023417463526129723,0.1359826922416687,0.055989962071180344,0.1760081797838211,0.010416354984045029,0.09873043745756149,0.03964665159583092,0.062427818775177,0.044764433056116104,0.05980440229177475,0.10384649783372879
truck4-oven2.png,0.02183595299720764,0.020204996690154076,0.010029756464064121,0.005509673152118921,0.008858629502356052,0.006880083587020636,0.17483453452587128,0.010711886920034885,0.052131690084934235,0.009279447607696056,0.03036280907690525,0.016564346849918365,0.019931528717279434,0.00961454026401043,0.2250799983739853,0.3781701326370239
truck5-airplane2.png,0.2699906826019287,0.06625339388847351,0.038759831339120865,0.05309098958969116,0.07072173804044724,0.0174457598477602,0.05307690054178238,0.07860102504491806,0.06937146931886673,0.008684524334967136,0.015373938716948032,0.03482950106263161,0.09355241060256958,0.07454222440719604,0.024417616426944733,0.031287968158721924
truck5-bird2.png,0.012795005924999714,0.006886916235089302,0.020603640004992485,0.010223868303000927,0.01827256567776203,0.005231273826211691,0.043582431972026825,0.009265047498047352,0.007819140329957008,0.008996810764074326,0.006732483394443989,0.007618870120495558,0.04020434245467186,0.003560707438737154,0.08866210281848907,0.709544837474823
truck5-car1.png,0.0539545975625515,0.062096767127513885,0.03414923697710037,0.041369419544935226,0.05913609266281128,0.032778579741716385,0.07873176038265228,0.1037236824631691,0.02824876643717289,0.02561386115849018,0.0502610057592392,0.05860784277319908,0.0955645814538002,0.0438041053712368,0.14585012197494507,0.08610955625772476
truck5-cat3.png,0.03411749750375748,0.069910429418087,0.033421698957681656,0.05738943815231323,0.04430040717124939,0.07819472253322601,0.08134392648935318,0.056831635534763336,0.060166776180267334,0.02459520287811756,0.04655583202838898,0.06663215905427933,0.1498597413301468,0.03237657621502876,0.07976073771715164,0.08454316109418869
truck5-dog3.png,0.0213302094489336,0.10540294647216797,0.03840870410203934,0.0525333508849144,0.037269607186317444,0.04552415758371353,0.08226220309734344,0.15195326507091522,0.06050996482372284,0.02333761565387249,0.06793692708015442,0.0607893131673336,0.07929422706365585,0.020865676924586296,0.07042786478996277,0.08215399831533432
truck5-keyboard1.png,0.027159763500094414,0.006641153711825609,0.014422749169170856,0.009476328268647194,0.007888351567089558,0.004171545617282391,0.052531298249959946,0.009329433552920818,0.006964999251067638,0.004759905859827995,0.004411045461893082,0.01018532644957304,0.017254717648029327,0.007792603224515915,0.0905136838555336,0.7264970541000366
truck5-knife3.png,0.1039625033736229,0.043951600790023804,0.07222677022218704,0.03391623869538307,0.04104968532919884,0.074130117893219,0.0651649758219719,0.03353218361735344,0.0870286151766777,0.02581591159105301,0.04512298107147217,0.03299810737371445,0.18354421854019165,0.06315841525793076,0.06510453671216965,0.02929316647350788
truck5-truck1.png,0.04035838320851326,0.039548177272081375,0.047500334680080414,0.021217288449406624,0.03384259343147278,0.016569379717111588,0.1253136843442917,0.043104127049446106,0.02825804054737091,0.02838270366191864,0.025604981929063797,0.013136433437466621,0.027601446956396103,0.025591706857085228,0.05498730018734932,0.4289834201335907
truck6-bear2.png,0.026511741802096367,0.15645115077495575,0.02660534903407097,0.024606898427009583,0.025029346346855164,0.016401711851358414,0.12390752136707306,0.02822628617286682,0.009615038521587849,0.009291907772421837,0.022251388058066368,0.07829610258340836,0.05095598101615906,0.015817487612366676,0.04249773174524307,0.34353435039520264
truck6-bicycle1.png,0.08701517432928085,0.06410325318574905,0.03846943378448486,0.07820450514554977,0.0616617389023304,0.07153543084859848,0.04231834039092064,0.11056122928857803,0.03916521370410919,0.01712680608034134,0.0860477015376091,0.02445988357067108,0.09055604785680771,0.1252455860376358,0.019034288823604584,0.0444953590631485
truck6-boat2.png,0.07854284346103668,0.03902232646942139,0.031545959413051605,0.01585651934146881,0.0441177636384964,0.029820440337061882,0.10518812388181686,0.01976725272834301,0.029527736827731133,0.015683956444263458,0.01833915151655674,0.015360108576714993,0.04990868642926216,0.021851835772395134,0.0704377293586731,0.4150295853614807
truck6-bottle3.png,0.16183656454086304,0.035464271903038025,0.03950008749961853,0.03781113028526306,0.03319542482495308,0.08884016424417496,0.042379025369882584,0.08179545402526855,0.04704374447464943,0.014455984346568584,0.038359519094228745,0.03257496654987335,0.09362372756004333,0.06435372680425644,0.03941088169813156,0.14935530722141266
truck6-cat2.png,0.10539138317108154,0.058345090597867966,0.037386927753686905,0.04975024610757828,0.07965397089719772,0.06124171242117882,0.04370078817009926,0.06823983043432236,0.04587101563811302,0.008509513922035694,0.0457608662545681,0.03895706310868263,0.1556006371974945,0.05741053819656372,0.07917914539575577,0.06500126421451569
truck6-clock2.png,0.06351330876350403,0.015443101525306702,0.024425756186246872,0.00991027895361185,0.014632184989750385,0.023264706134796143,0.09551408141851425,0.01564214751124382,0.013196313753724098,0.013006246648728848,0.037241458892822266,0.02201288379728794,0.015788083896040916,0.03849975764751434,0.02167581208050251,0.5762338638305664
truck6-dog2.png,0.15680843591690063,0.036138877272605896,0.051444534212350845,0.03346063941717148,0.13471068441867828,0.0894201397895813,0.03628378361463547,0.06396959722042084,0.04543745145201683,0.017533807083964348,0.05045901983976364,0.024681879207491875,0.07909130305051804,0.07332819700241089,0.05986054614186287,0.047371119260787964
truck6-knife2.png,0.1145412027835846,0.01776089332997799,0.024087918922305107,0.01769569143652916,0.06289798766374588,0.021492231637239456,0.09135085344314575,0.030678117647767067,0.08481438457965851,0.007668715436011553,0.027819141745567322,0.015562180429697037,0.06176477298140526,0.059110626578330994,0.08764708787202835,0.2751081585884094
truck6-oven3.png,0.054191045463085175,0.031248053535819054,0.010744198225438595,0.009086491540074348,0.014751262962818146,0.009507414884865284,0.061905957758426666,0.018535543233156204,0.07635985314846039,0.007750868797302246,0.027033831924200058,0.032243575900793076,0.03530211001634598,0.012467685155570507,0.17251184582710266,0.42636024951934814
truck6-truck2.png,0.05471033230423927,0.016334189102053642,0.012363580986857414,0.015988439321517944,0.014988593757152557,0.011122249998152256,0.1564788520336151,0.008205791004002094,0.01776059903204441,0.008436903357505798,0.034825682640075684,0.013759942725300789,0.011419039219617844,0.01689353957772255,0.029090695083141327,0.577621579170227
truck7-bear2.png,0.006752639077603817,0.08006364852190018,0.031752534210681915,0.07240822911262512,0.021821537986397743,0.09868492186069489,0.06746415048837662,0.03819195553660393,0.08295060694217682,0.05325732380151749,0.07529913634061813,0.10217919200658798,0.0666436180472374,0.02179223857820034,0.07280869036912918,0.10792955756187439
truck7-bird2.png,0.020821163430809975,0.05678638443350792,0.09233363717794418,0.058162227272987366,0.029372474178671837,0.032212309539318085,0.07525034993886948,0.06499404460191727,0.03409756347537041,0.07255730032920837,0.048171985894441605,0.03604353219270706,0.04281268268823624,0.022972216829657555,0.0327603779733181,0.2806517779827118
truck7-boat1.png,0.09593848139047623,0.06697819381952286,0.04494326561689377,0.07082469016313553,0.0941278263926506,0.02634592168033123,0.11741503328084946,0.07508907467126846,0.02307453192770481,0.01755891554057598,0.0601193830370903,0.05211234465241432,0.04327918216586113,0.03150800243020058,0.06627357751131058,0.11441154778003693
truck7-chair2.png,0.02455391176044941,0.04186554253101349,0.03361208736896515,0.032586436718702316,0.04417596012353897,0.07760012894868851,0.08585183322429657,0.05720750242471695,0.0867372676730156,0.04823848977684975,0.103840671479702,0.01956532895565033,0.0497710295021534,0.03705515339970589,0.05661574378609657,0.2007228583097458
truck7-elephant2.png,0.03305765241384506,0.07101888954639435,0.021718459203839302,0.06434173882007599,0.09358064085245132,0.07182926684617996,0.07832855731248856,0.06445556879043579,0.04705255478620529,0.030938835814595222,0.04630067199468613,0.12004094570875168,0.07578034698963165,0.09657569974660873,0.0646316260099411,0.020348554477095604
truck7-keyboard3.png,0.0312686525285244,0.047157466411590576,0.05548460781574249,0.03202228248119354,0.02721523866057396,0.07464191317558289,0.1052578017115593,0.05554049834609032,0.08255144208669662,0.09659593552350998,0.16719774901866913,0.028928620740771294,0.07225113362073898,0.05092485994100571,0.036047160625457764,0.036914609372615814
truck7-oven2.png,0.005029161926358938,0.017513904720544815,0.011141250841319561,0.019316118210554123,0.009708249010145664,0.0121691869571805,0.09406054019927979,0.025739317759871483,0.019830357283353806,0.015603841282427311,0.043687015771865845,0.01633346825838089,0.01864735409617424,0.009852632880210876,0.10779726505279541,0.5735703110694885
truck7-truck2.png,0.009050003252923489,0.020563622936606407,0.05918075516819954,0.027218898758292198,0.02105950564146042,0.01592402346432209,0.08603538572788239,0.013500332832336426,0.008208438754081726,0.03848135471343994,0.04714762046933174,0.011246339417994022,0.008731992915272713,0.007126528769731522,0.11341851204633713,0.5131067037582397
truck8-bottle2.png,0.11245409399271011,0.030975643545389175,0.047530945390462875,0.02824198454618454,0.05934400111436844,0.022680306807160378,0.1302480548620224,0.05595170333981514,0.04547390341758728,0.01961255632340908,0.0572102889418602,0.03272046521306038,0.05362001061439514,0.06632450968027115,0.025740614160895348,0.2118709683418274
truck8-cat2.png,0.04955507814884186,0.10516251623630524,0.07029468566179276,0.08074228465557098,0.06570973992347717,0.0398743636906147,0.07367713004350662,0.12268536537885666,0.040680497884750366,0.015207640826702118,0.08911389112472534,0.06097204610705376,0.05860638618469238,0.03504626080393791,0.04141365364193916,0.05125843733549118
truck8-dog3.png,0.041843779385089874,0.08071281760931015,0.06363808363676071,0.04405693709850311,0.012001401744782925,0.02859160117805004,0.15651226043701172,0.07410388439893723,0.028398409485816956,0.016429537907242775,0.034540582448244095,0.1454089879989624,0.025650113821029663,0.02573983184993267,0.039663948118686676,0.18270787596702576
truck8-elephant1.png,0.10161340981721878,0.07365883886814117,0.049486659467220306,0.11021599173545837,0.07051549851894379,0.025837182998657227,0.0382063165307045,0.1019071489572525,0.051729969680309296,0.025877950713038445,0.06136786937713623,0.04940332844853401,0.05550067871809006,0.11970926076173782,0.022598840296268463,0.04237104207277298
truck8-keyboard2.png,0.058610670268535614,0.02258933335542679,0.08906204253435135,0.07134141027927399,0.04932187870144844,0.029709504917263985,0.15075138211250305,0.041443660855293274,0.09475378692150116,0.01626262068748474,0.1095379889011383,0.03865121304988861,0.027836641296744347,0.10386867076158524,0.021106015890836716,0.0751531571149826
truck9-airplane2.png,0.13893558084964752,0.07406577467918396,0.05825335159897804,0.08146249502897263,0.07524548470973969,0.020983899012207985,0.08588086813688278,0.07402810454368591,0.021522056311368942,0.019062625244259834,0.035991370677948,0.05519219487905502,0.042999494820833206,0.038390081375837326,0.040770888328552246,0.13721568882465363
truck9-boat3.png,0.020997149869799614,0.04338613152503967,0.043029945343732834,0.02245638705790043,0.04874094948172569,0.019757799804210663,0.08707182109355927,0.03473501652479172,0.014886308461427689,0.012202383950352669,0.04225549474358559,0.06895680725574493,0.03818707913160324,0.012030387297272682,0.07535518705844879,0.415951132774353
truck9-bottle2.png,0.039245255291461945,0.0759924128651619,0.03644820302724838,0.0596819706261158,0.053265802562236786,0.016123242676258087,0.10887688398361206,0.0519789382815361,0.020225467160344124,0.010736224241554737,0.05786195024847984,0.08884728699922562,0.058375243097543716,0.04145784676074982,0.049165766686201096,0.23171746730804443
truck9-chair3.png,0.046529371291399,0.08961190283298492,0.04340345039963722,0.04863949120044708,0.06290610134601593,0.061555590480566025,0.05369561165571213,0.08911357074975967,0.07133723050355911,0.015458580106496811,0.06086260452866554,0.14554713666439056,0.06490147113800049,0.03764259070158005,0.020707815885543823,0.08808741718530655
truck9-elephant1.png,0.034695208072662354,0.0741080567240715,0.02418605051934719,0.06378769874572754,0.10669299960136414,0.038322050124406815,0.07695751637220383,0.0929298996925354,0.050067417323589325,0.02091969922184944,0.03616797551512718,0.07160624116659164,0.09469519555568695,0.06870388239622116,0.09619308263063431,0.04996694251894951
truck9-truck3.png,0.019149858504533768,0.040874894708395004,0.0232725590467453,0.024952659383416176,0.04044906049966812,0.022356800734996796,0.17711025476455688,0.04678431898355484,0.01692803017795086,0.019711019471287727,0.048897989094257355,0.04324491322040558,0.05502296984195709,0.014364129863679409,0.10524149239063263,0.30163899064064026
