unique_img,airplane,bear,bicycle,bird,boat,bottle,car,cat,chair,clock,dog,elephant,keyboard,knife,oven,truck
airplane1.png,0.856010913848877,0.000705187616404146,0.002461877418681979,0.06007411703467369,0.01357903704047203,0.002234511775895953,0.000923836836591363,0.0015700373332947493,0.003751379204913974,0.0018099857261404395,0.0018731189193204045,0.0017014353070408106,0.001952422084286809,0.04872028902173042,0.0006470024236477911,0.0019848523661494255
airplane10.png,0.1943182349205017,0.021083978936076164,0.012937592342495918,0.02037898078560829,0.12506462633609772,0.011629166081547737,0.09913084656000137,0.038363952189683914,0.03378299996256828,0.017890119925141335,0.013463837094604969,0.012535280548036098,0.13770122826099396,0.10232959687709808,0.06556598097085953,0.09382359683513641
airplane2.png,0.5075673460960388,0.0019228169694542885,0.009197380393743515,0.03245249390602112,0.01732688769698143,0.0021113925613462925,0.0070778862573206425,0.006663894280791283,0.07876039296388626,0.004580051638185978,0.004477256443351507,0.0015539847081527114,0.01002200786024332,0.30381062626838684,0.0048320116475224495,0.007643556222319603
airplane3.png,0.7880674600601196,0.0005418810760602355,0.001280962023884058,0.16640254855155945,0.006855015177279711,0.0012547540245577693,0.0007505273097194731,0.002094203606247902,0.0029437958728522062,0.0007071230793371797,0.00207438413053751,0.0008218048023991287,0.0012694424949586391,0.02353653684258461,0.000413926929468289,0.0009856317192316055
airplane4.png,0.5109778642654419,0.01571986824274063,0.008588414639234543,0.04787278175354004,0.04511817544698715,0.0033158196602016687,0.058059144765138626,0.013077620416879654,0.021281858906149864,0.004681762307882309,0.022007573395967484,0.011931080371141434,0.01867038570344448,0.10865554213523865,0.015203775838017464,0.09483837336301804
airplane5.png,0.389995813369751,0.032339636236429214,0.020006973296403885,0.05492011457681656,0.03517752140760422,0.018545091152191162,0.040162015706300735,0.05441951006650925,0.04756898432970047,0.0144086554646492,0.026335252448916435,0.03334728255867958,0.040733546018600464,0.0855541005730629,0.01824340969324112,0.08824209123849869
airplane6.png,0.7931279540061951,0.003303356934338808,0.002888076938688755,0.06953316181898117,0.004991491790860891,0.0017745258519425988,0.005881462246179581,0.0058054509572684765,0.011970164254307747,0.00131502584554255,0.0068237739615142345,0.003296094248071313,0.005223677959293127,0.06612056493759155,0.0029849992133677006,0.014960147440433502
airplane7.png,0.5011116862297058,0.024788137525320053,0.007952732965350151,0.028807813301682472,0.008373094722628593,0.004543762654066086,0.031626418232917786,0.030282126739621162,0.028392933309078217,0.008970781229436398,0.024295439943671227,0.022998711094260216,0.045127738267183304,0.07773151248693466,0.032802436500787735,0.12219468504190445
airplane8.png,0.27835381031036377,0.021591918542981148,0.01803227700293064,0.08082685619592667,0.11691513657569885,0.008713771589100361,0.044603634625673294,0.037444982677698135,0.029293864965438843,0.007402930874377489,0.028778553009033203,0.015583832748234272,0.07074196636676788,0.1806832253932953,0.01670466549694538,0.04432862624526024
airplane9.png,0.5465216040611267,0.0008244689088314772,0.18927311897277832,0.00385486101731658,0.015574309043586254,0.0008437027572654188,0.006644022185355425,0.0029437197372317314,0.158951535820961,0.00878959707915783,0.002856728620827198,0.0015181901399046183,0.005138778127729893,0.017247285693883896,0.011016310192644596,0.028001723811030388
bear1.png,0.0024570312816649675,0.5278006196022034,0.0005635142442770302,0.015558685176074505,0.004933888558298349,0.002435934031382203,0.01657356321811676,0.12473241984844208,0.000903688371181488,0.005431181285530329,0.0718776285648346,0.13067679107189178,0.0015917607815936208,0.0006304009584710002,0.025999654084444046,0.06783312559127808
bear10.png,0.019726164638996124,0.14985015988349915,0.003946003038436174,0.08039531111717224,0.04191817343235016,0.008690337650477886,0.20734012126922607,0.08460082858800888,0.005995572078973055,0.027864765375852585,0.05649833753705025,0.07723065465688705,0.09491215646266937,0.025311371311545372,0.031435590237379074,0.0842844545841217
bear2.png,0.000987035920843482,0.40236571431159973,0.0005666178185492754,0.017633428797125816,0.0016645982395857573,0.0015498766442760825,0.02564065158367157,0.09148440510034561,0.0018883651355281472,0.0025256804656237364,0.15047679841518402,0.28295737504959106,0.0022015159483999014,0.000541586778126657,0.003957616630941629,0.01355871744453907
bear3.png,0.018901651725172997,0.12259069085121155,0.0053273276425898075,0.02995666302740574,0.01746988669037819,0.006756591144949198,0.17024937272071838,0.060818254947662354,0.01881314255297184,0.03144475445151329,0.09968611598014832,0.2773474156856537,0.019119571894407272,0.012821387499570847,0.027900133281946182,0.0807969719171524
bear4.png,0.01184038445353508,0.3166646361351013,0.0019456169102340937,0.10514683276414871,0.006596660241484642,0.001892120810225606,0.10502858459949493,0.18761155009269714,0.007337069138884544,0.019960833713412285,0.09469369053840637,0.06969670951366425,0.01612236350774765,0.0035262135788798332,0.014508512802422047,0.03742823377251625
bear5.png,0.0023250142112374306,0.3497140407562256,0.001519839745014906,0.006100873928517103,0.007405563723295927,0.0029448410496115685,0.015714533627033234,0.2276385873556137,0.0027871262282133102,0.004976082593202591,0.07157783210277557,0.22067458927631378,0.006778872571885586,0.0011760438792407513,0.031313441693782806,0.047352664172649384
bear6.png,0.006126732099801302,0.1778564751148224,0.0022371243685483932,0.026015058159828186,0.026299120858311653,0.038091834634542465,0.03268098831176758,0.13573144376277924,0.007089792750775814,0.008771280758082867,0.3375200927257538,0.0870354175567627,0.010246248915791512,0.0032711350359022617,0.05063759535551071,0.050389718264341354
bear7.png,0.004078452941030264,0.0895208865404129,0.0033482532016932964,0.012225765734910965,0.04858880862593651,0.08101396262645721,0.0907900407910347,0.06530985236167908,0.018030213192105293,0.040899407118558884,0.05132944881916046,0.07980659604072571,0.08465787768363953,0.008184295147657394,0.28798529505729675,0.03423086181282997
bear8.png,0.0007094275206327438,0.37971818447113037,0.0005370554281398654,0.008441420271992683,0.005478928796947002,0.0031943288631737232,0.012819287367165089,0.0898163914680481,0.0015868652844801545,0.005045442841947079,0.3196175694465637,0.12667126953601837,0.0014608505880460143,0.0002767907571978867,0.025985125452280045,0.018641069531440735
bear9.png,0.0027790693566203117,0.41692647337913513,0.00120280752889812,0.016939779743552208,0.01022440567612648,0.008705009706318378,0.05265648663043976,0.080012746155262,0.0056664044968783855,0.017171913757920265,0.15714889764785767,0.18759866058826447,0.004473229870200157,0.0017314832657575607,0.013982405886054039,0.022780241444706917
bicycle1.png,0.001219364465214312,8.73807366588153e-05,0.9825427532196045,0.0005291288834996521,0.0015044123865664005,0.00028200820088386536,0.0019151463638991117,0.000494402542244643,0.005850095767527819,0.002534947358071804,0.0002990072825923562,0.0003339628456160426,0.0003220232611056417,0.0007732199737802148,0.0008042397676035762,0.0005078878602944314
bicycle10.png,0.003503788262605667,0.0007514584576711059,0.921573281288147,0.0022906430531293154,0.002884100889787078,0.001493009738624096,0.016334278509020805,0.004852893762290478,0.016248678788542747,0.015381650999188423,0.0024370774626731873,0.0012194170849397779,0.002367195440456271,0.0014436349738389254,0.0026127391029149294,0.0046062166802585125
bicycle2.png,0.06908334046602249,0.00017514736100565642,0.8304110169410706,0.003590385429561138,0.004158070310950279,0.00026242807507514954,0.0022086186800152063,0.0012446847977116704,0.07035435736179352,0.002675139345228672,0.0006448933272622526,0.0005086243618279696,0.000743949378374964,0.007656745612621307,0.0032095517963171005,0.0030729984864592552
bicycle3.png,0.018103988841176033,0.00011865275882882997,0.954937756061554,0.0028353536035865545,0.0011328274849802256,0.0006367784226313233,0.002875376958400011,0.0007088225102052093,0.008745885454118252,0.0021762435790151358,0.000985694699920714,0.0004553776525426656,0.00014457199722528458,0.00174368591979146,0.00039741533691994846,0.004001417197287083
bicycle4.png,0.003801418002694845,6.278779619606212e-05,0.9774173498153687,0.0008897536899894476,0.0017443716060370207,0.00023550959303975105,0.001058944035321474,0.00043540450860746205,0.009641192853450775,0.0015148058300837874,0.0003520927275530994,0.00024466527975164354,0.00018588847888167948,0.0012021245202049613,0.0005798122729174793,0.0006339504034258425
bicycle5.png,0.0033122142776846886,0.00017169126658700407,0.967624843120575,0.002563856076449156,0.0025732219219207764,0.00046245346311479807,0.0026258293073624372,0.0012861682334914804,0.010206091217696667,0.003350204788148403,0.000773878360632807,0.00045279401820153,0.0007370387320406735,0.001388800679706037,0.0007007458480075002,0.001770056551322341
bicycle6.png,0.07667957246303558,0.000813257647678256,0.6652366518974304,0.00804071594029665,0.004913358483463526,0.004467641934752464,0.01003410667181015,0.0037755114026367664,0.1814976930618286,0.008468187414109707,0.012254967354238033,0.002096218289807439,0.0007305065519176424,0.009919358417391777,0.0042818947695195675,0.006790365558117628
bicycle7.png,0.001555170281790197,0.00010523414675844833,0.990247905254364,0.000494925188831985,0.0009081825846806169,0.00013840671454090625,0.001655503991059959,0.0005009411834180355,0.0017311444971710443,0.0011374661698937416,8.577222615713254e-05,0.00021728858700953424,0.00017710357496980578,0.0003939840826205909,0.00011867921421071514,0.0005322390934452415
bicycle8.png,0.002382031874731183,0.0002577646228019148,0.9746261239051819,0.0014276743168011308,0.0017136657843366265,0.0004172448825556785,0.005906334612518549,0.0011419792426750064,0.0031861038878560066,0.0043649557046592236,0.0005121452850289643,0.0009858489502221346,0.0005730183911509812,0.0008935988880693913,0.0004342663160059601,0.0011772405123338103
bicycle9.png,0.002274248981848359,0.0002888361341319978,0.948513925075531,0.0018494125688448548,0.003635045839473605,0.0027031470090150833,0.003308868035674095,0.0013633450726047158,0.0191738773137331,0.005485576577484608,0.0009616735624149442,0.0008830015431158245,0.0018257582560181618,0.002482917159795761,0.0030275729950517416,0.002222773153334856
bird1.png,0.007415847387164831,0.2044973075389862,0.0027326922863721848,0.1543554812669754,0.029299411922693253,0.006113647483289242,0.10042913258075714,0.05640070140361786,0.006122146733105183,0.20343300700187683,0.06397884339094162,0.030309317633509636,0.019873252138495445,0.004555325489491224,0.054382823407649994,0.05610107257962227
bird10.png,0.016466913744807243,0.006129785906523466,0.012425869703292847,0.7144429087638855,0.004364753141999245,0.0021189257968217134,0.03878612816333771,0.003715994069352746,0.009576430544257164,0.005363349802792072,0.11925217509269714,0.007703149225562811,0.0008679556776769459,0.05075311288237572,0.0011893728515133262,0.006843151059001684
bird2.png,0.060839250683784485,0.029569245874881744,0.00890156626701355,0.11580967158079147,0.09085093438625336,0.024908462539315224,0.11154303699731827,0.013279375620186329,0.024566875770688057,0.052601538598537445,0.03505462035536766,0.1710311472415924,0.03942786529660225,0.15838737785816193,0.01856674812734127,0.0446622408926487
bird3.png,0.019514333456754684,0.024877382442355156,0.0072058443911373615,0.4303664565086365,0.008203905075788498,0.03387882933020592,0.08977862447500229,0.008717901073396206,0.01589740626513958,0.01816137135028839,0.13516724109649658,0.03296429663896561,0.010604324750602245,0.12101678550243378,0.010299432091414928,0.03334592282772064
bird4.png,0.1663120687007904,0.16895315051078796,0.004425754304975271,0.14277763664722443,0.03523348271846771,0.003645586548373103,0.021659143269062042,0.23783208429813385,0.004668678622692823,0.0056315320543944836,0.05616767704486847,0.038018885999917984,0.006764700636267662,0.01699066534638405,0.009904171340167522,0.08101484179496765
bird5.png,0.050518762320280075,0.010043838061392307,0.0011810438008978963,0.7353749871253967,0.08286561816930771,0.002195528708398342,0.032858721911907196,0.011727484874427319,0.012388640083372593,0.011540751904249191,0.018268929794430733,0.010573484934866428,0.0040911477990448475,0.009201344102621078,0.002731440356001258,0.004438260570168495
bird6.png,0.1299954205751419,0.029198402538895607,0.005102037917822599,0.6619314551353455,0.01745522953569889,0.0031177769415080547,0.017970416694879532,0.02069355547428131,0.0029441288206726313,0.002999354852363467,0.024587145075201988,0.01191109512001276,0.005255268886685371,0.04071040824055672,0.003347129561007023,0.022781245410442352
bird7.png,0.10178688913583755,0.020600777119398117,0.01019099447876215,0.4782148003578186,0.014346451498568058,0.008853537030518055,0.07310589402914047,0.026429375633597374,0.01893594115972519,0.12397453188896179,0.03746343031525612,0.01034475676715374,0.017858125269412994,0.031578171998262405,0.011293782852590084,0.015022482722997665
bird8.png,0.015461328439414501,0.003274279646575451,0.0059747942723333836,0.4802863299846649,0.007093779277056456,0.019261404871940613,0.0070038666017353535,0.010938932187855244,0.03476467728614807,0.0029716112185269594,0.3529355823993683,0.007074717432260513,0.0007711662910878658,0.046538349241018295,0.0030758932698518038,0.002573377452790737
bird9.png,0.023071207106113434,0.009278535842895508,0.0026139423716813326,0.7590962052345276,0.0011764586670324206,0.0008689436945132911,0.0032084884587675333,0.005084189120680094,0.007059148978441954,0.0013337628915905952,0.1702880710363388,0.011989976279437542,0.00012014063395326957,0.001882620737887919,0.0006368672475218773,0.0022915273439139128
boat1.png,0.01118448656052351,0.01491453405469656,0.0038565199356526136,0.018595948815345764,0.35749223828315735,0.030103862285614014,0.12693969905376434,0.02963310293853283,0.013069286942481995,0.018100425601005554,0.016205137595534325,0.010123476386070251,0.184464231133461,0.09251228719949722,0.062072429805994034,0.010732462629675865
boat10.png,0.01692422851920128,0.025035228580236435,0.003331481944769621,0.04654492810368538,0.14013393223285675,0.01277355570346117,0.45755448937416077,0.020116418600082397,0.009514850564301014,0.06486807018518448,0.022719979286193848,0.027318047359585762,0.04820423945784569,0.061305973678827286,0.022256357595324516,0.021398233249783516
boat2.png,0.030550720170140266,0.040227387100458145,0.0034044065978378057,0.11132779717445374,0.2765372693538666,0.008037179708480835,0.2639404535293579,0.06484600901603699,0.005799558945000172,0.007433902472257614,0.07668959349393845,0.028080834075808525,0.014890455640852451,0.03779709339141846,0.015397151932120323,0.015040147118270397
boat3.png,0.059574153274297714,0.0154599379748106,0.027522489428520203,0.01948581635951996,0.0659816712141037,0.08367474377155304,0.0844510868191719,0.06749991327524185,0.027804570272564888,0.021484922617673874,0.061872292309999466,0.02148759737610817,0.13934050500392914,0.050142768770456314,0.09459201246500015,0.15962551534175873
boat4.png,0.004604731220752001,0.015424421988427639,0.002079195808619261,0.024661699309945107,0.5123353004455566,0.017105741426348686,0.14439553022384644,0.015197435393929482,0.007817571982741356,0.028198890388011932,0.012298737652599812,0.011098764836788177,0.08446455746889114,0.0797821655869484,0.036514319479465485,0.004020840395241976
boat5.png,0.0028203206602483988,0.005353105254471302,0.012866126373410225,0.004619508516043425,0.7781465649604797,0.009642727673053741,0.010313663631677628,0.010305187664926052,0.027602650225162506,0.05578896775841713,0.004407953470945358,0.007467040326446295,0.03527196869254112,0.002681190613657236,0.02616307884454727,0.006549997720867395
boat6.png,0.021590685471892357,0.02184605598449707,0.006387919653207064,0.1618349254131317,0.36624017357826233,0.02367393858730793,0.0647730603814125,0.03605656325817108,0.011196003295481205,0.033352915197610855,0.016788650304079056,0.021037446334958076,0.05202270671725273,0.14554908871650696,0.011324587278068066,0.006325292866677046
boat7.png,0.12528976798057556,0.017980005592107773,0.007208377588540316,0.059736303985118866,0.2828848958015442,0.13933047652244568,0.03531526029109955,0.06685195118188858,0.013934330083429813,0.020840836688876152,0.027787670493125916,0.01549590565264225,0.03247970715165138,0.10947059094905853,0.02613838016986847,0.019255507737398148
boat8.png,0.02378283068537712,0.007632933557033539,0.00283981766551733,0.017914356663823128,0.34718799591064453,0.020154723897576332,0.04962915554642677,0.00724681094288826,0.0029977892991155386,0.016566172242164612,0.004083320498466492,0.012932159937918186,0.13243591785430908,0.3183203339576721,0.01981719769537449,0.016458500176668167
boat9.png,0.1354065239429474,0.010666010901331902,0.024109892547130585,0.021056847646832466,0.4546315670013428,0.018846113234758377,0.04685772955417633,0.06368112564086914,0.07857111841440201,0.014046832919120789,0.022337812930345535,0.008007733151316643,0.01570955663919449,0.01083374209702015,0.03761233016848564,0.037625011056661606
bottle1.png,0.0015510042430832982,0.0004728974017780274,0.0002880161046050489,0.00224827928468585,0.003225116990506649,0.9586087465286255,0.0010527869453653693,0.0026741966139525175,0.00460430234670639,0.0006822131108492613,0.002922321669757366,0.0010815545683726668,0.002253316342830658,0.011889064684510231,0.005689207464456558,0.0007568912697024643
bottle10.png,0.0018233043374493718,0.0017120675183832645,0.0006127917440608144,0.0027029982302337885,0.005353210028260946,0.941349983215332,0.0011694658314809203,0.001178291509859264,0.006700238678604364,0.001937371795065701,0.002524902345612645,0.004400905221700668,0.0047907172702252865,0.017426081001758575,0.003575800685212016,0.002741849748417735
bottle2.png,0.005385945551097393,0.006634980905801058,0.0015837490791454911,0.0055897431448102,0.030783824622631073,0.8455774188041687,0.005553748458623886,0.005599272437393665,0.006001321133226156,0.0077411457896232605,0.005740961525589228,0.010603311471641064,0.017321299761533737,0.028945548459887505,0.009378455579280853,0.007559345569461584
bottle3.png,0.011606553569436073,0.01238529197871685,0.00395615678280592,0.017803076654672623,0.11367052048444748,0.5318182110786438,0.02892540954053402,0.03182101622223854,0.010816759429872036,0.01258384995162487,0.021112320944666862,0.01641564443707466,0.08720897883176804,0.05053360387682915,0.03968745470046997,0.009655206464231014
bottle4.png,0.011243143118917942,0.011457647196948528,0.0038268081843852997,0.015774305909872055,0.11359987407922745,0.5350273251533508,0.026624208316206932,0.03149021789431572,0.010044402442872524,0.01184273511171341,0.018374493345618248,0.014977782033383846,0.09959355741739273,0.048378266394138336,0.03852806240320206,0.009217179380357265
bottle5.png,0.004388132132589817,0.004398528952151537,0.019498415291309357,0.02111942321062088,0.012516769580543041,0.5689162015914917,0.023586587980389595,0.008215845562517643,0.010221552103757858,0.013092776760458946,0.276769757270813,0.003826341824606061,0.001913290354423225,0.015932658687233925,0.005823801271617413,0.009779996238648891
bottle6.png,0.007087912410497665,0.014838413335382938,0.004511258564889431,0.016369132325053215,0.036507200449705124,0.6362744569778442,0.03696773573756218,0.012942618690431118,0.014942966401576996,0.01528468169271946,0.07775135338306427,0.02153013087809086,0.015606369823217392,0.035877522081136703,0.02924743853509426,0.024260856211185455
bottle7.png,0.0029964412096887827,0.004182625096291304,0.0013227255549281836,0.006369174458086491,0.01997515931725502,0.8274631500244141,0.006202881224453449,0.015947915613651276,0.011154028587043285,0.003079530317336321,0.013418883085250854,0.011170001700520515,0.026846468448638916,0.022962350398302078,0.022436674684286118,0.004471941385418177
bottle8.png,0.0030822455883026123,0.006656917743384838,0.0013200950343161821,0.0024590191897004843,0.018047476187348366,0.8582322001457214,0.003932059742510319,0.003892511362209916,0.0043193865567445755,0.002876050304621458,0.003975017927587032,0.022158635780215263,0.019268052652478218,0.03447796404361725,0.008715805597603321,0.006586500443518162
bottle9.png,0.002778134308755398,0.004942465107887983,0.0014393205055966973,0.0058153304271399975,0.02690107561647892,0.7811387777328491,0.008608659729361534,0.014110676944255829,0.014254295267164707,0.0035832677967846394,0.014237312600016594,0.01001354306936264,0.04459814727306366,0.024916397407650948,0.037358276546001434,0.005304311867803335
car1.png,0.017150916159152985,0.06754869967699051,0.005274258088320494,0.01928075961768627,0.06480492651462555,0.046351369470357895,0.10996095836162567,0.029973801225423813,0.01638631336390972,0.07547768950462341,0.02667067013680935,0.052741434425115585,0.07111815363168716,0.07072003185749054,0.13921552896499634,0.18732452392578125
car10.png,0.0674385130405426,0.044432781636714935,0.004044801462441683,0.056578654795885086,0.029685400426387787,0.007749973330646753,0.3125908374786377,0.030400119721889496,0.036475662142038345,0.014274640008807182,0.032386939972639084,0.03259437158703804,0.08504330366849899,0.12674467265605927,0.04957208037376404,0.0699872374534607
car2.png,0.015600201673805714,0.12159432470798492,0.005079180467873812,0.03400625288486481,0.10286279022693634,0.015415954403579235,0.16485381126403809,0.07033782452344894,0.01150769554078579,0.032110437750816345,0.037018731236457825,0.06046002358198166,0.1773599237203598,0.022194286808371544,0.08380059152841568,0.04579790309071541
car3.png,0.024688823148608208,0.034181877970695496,0.0063569736666977406,0.02143975906074047,0.09081863611936569,0.03227759525179863,0.11515678465366364,0.023777512833476067,0.01130509190261364,0.044142190366983414,0.015066931024193764,0.046186164021492004,0.27427080273628235,0.09344638884067535,0.08911527693271637,0.07776914536952972
car4.png,0.02001423016190529,0.03127312287688255,0.006977539509534836,0.0540631040930748,0.11624377965927124,0.008045023307204247,0.40610164403915405,0.06194079667329788,0.015208587050437927,0.13370174169540405,0.033183518797159195,0.024840503931045532,0.02350895293056965,0.011178376153111458,0.025601593777537346,0.02811746671795845
car5.png,0.010058220475912094,0.10053791850805283,0.0031376320403069258,0.01972486451268196,0.032224901020526886,0.00838023517280817,0.17250393331050873,0.061067886650562286,0.016799984499812126,0.03461334481835365,0.08063922077417374,0.026161514222621918,0.042079705744981766,0.009156854823231697,0.2718978226184845,0.1110159307718277
car6.png,0.013060090132057667,0.030592987313866615,0.006840401329100132,0.02871420979499817,0.16820718348026276,0.05373422056436539,0.15664620697498322,0.042085133492946625,0.012955771759152412,0.02266515977680683,0.036436017602682114,0.022575676441192627,0.20125074684619904,0.10758671164512634,0.07430904358625412,0.022340353578329086
car7.png,0.010431497357785702,0.111627496778965,0.002167278900742531,0.05671779438853264,0.10185466706752777,0.002596172271296382,0.4120231568813324,0.026692772284150124,0.007116861641407013,0.008398693986237049,0.06252150237560272,0.04376896098256111,0.019041672348976135,0.009234612807631493,0.06193005293607712,0.06387682259082794
car8.png,0.009257497265934944,0.12937824428081512,0.003803461091592908,0.06657958030700684,0.10664509981870651,0.015116128139197826,0.20308905839920044,0.046318404376506805,0.008536250330507755,0.015052691102027893,0.07808274030685425,0.0749032199382782,0.10642300546169281,0.03262500837445259,0.06894010305404663,0.035249531269073486
car9.png,0.04650136083364487,0.050920262932777405,0.005587877240031958,0.04284375160932541,0.03698097541928291,0.006213655229657888,0.2532270550727844,0.028192205354571342,0.15278078615665436,0.03741476312279701,0.04603731259703636,0.04119168594479561,0.032332636415958405,0.047385476529598236,0.07748893648386002,0.09490127861499786
cat1.png,0.00915385503321886,0.05075690150260925,0.001945850788615644,0.017489012330770493,0.02686569094657898,0.0044583468697965145,0.005329641047865152,0.8290433287620544,0.00435348367318511,0.00525183929130435,0.005584843456745148,0.022303558886051178,0.005141700617969036,0.0016531816218048334,0.003860913449898362,0.006807821337133646
cat10.png,0.027135511860251427,0.08469896018505096,0.009970883838832378,0.030142100527882576,0.036343805491924286,0.027972333133220673,0.14036007225513458,0.13167543709278107,0.009768509306013584,0.023890558630228043,0.05018160119652748,0.08374323695898056,0.09076704829931259,0.029102705419063568,0.08016035705804825,0.14408692717552185
cat2.png,0.001843817182816565,0.2929779291152954,0.001442015403881669,0.013380778953433037,0.01726839691400528,0.0018758212681859732,0.012000211514532566,0.5070321559906006,0.001725338282994926,0.009898759424686432,0.03470766544342041,0.05114426091313362,0.004779976326972246,0.00057077850215137,0.02298418991267681,0.026367848739027977
cat3.png,0.023451562970876694,0.10676319152116776,0.006007942836731672,0.029652204364538193,0.10155494511127472,0.020272769033908844,0.09677030891180038,0.21140660345554352,0.013290825299918652,0.02294556237757206,0.05864791199564934,0.062112290412187576,0.07922045141458511,0.02337144874036312,0.07923006266355515,0.06530196219682693
cat4.png,0.058381494134664536,0.01165215577930212,0.006390683818608522,0.47278887033462524,0.030243758112192154,0.014685911126434803,0.0351092554628849,0.03314964473247528,0.11068661510944366,0.050121575593948364,0.04436395317316055,0.022612836211919785,0.02899484522640705,0.043462760746479034,0.01902281679213047,0.0183328278362751
cat5.png,0.006272781174629927,0.12840379774570465,0.005123470444232225,0.016423288732767105,0.0200970359146595,0.008388414978981018,0.034641336649656296,0.36640211939811707,0.0067163375206291676,0.012274214997887611,0.11742933094501495,0.13777998089790344,0.006952360272407532,0.0025192920584231615,0.04387056455016136,0.08670560270547867
cat6.png,0.005145096220076084,0.04714902490377426,0.0017817727057263255,0.004225058015435934,0.004674942698329687,0.002184828044846654,0.0024161585606634617,0.8958389163017273,0.005545620806515217,0.002747478662058711,0.006301961839199066,0.01167023740708828,0.0027239304035902023,0.00041143674752674997,0.002722773002460599,0.004460757132619619
cat7.png,0.006664079148322344,0.30794161558151245,0.0018074170220643282,0.010088219307363033,0.007357657887041569,0.004670999478548765,0.03766639530658722,0.39380380511283875,0.007385930512100458,0.008959661237895489,0.03611570969223976,0.09913147240877151,0.009870436042547226,0.0016053186263889074,0.022340141236782074,0.04459117725491524
cat8.png,0.004453106317669153,0.17134086787700653,0.0014275097055360675,0.005863826256245375,0.006222821772098541,0.005274882540106773,0.010736562311649323,0.51093989610672,0.0039864396676421165,0.0073120007291436195,0.0721047893166542,0.07058732956647873,0.002406671177595854,0.00083784299204126,0.04002939537167549,0.08647602796554565
cat9.png,0.06985966116189957,0.07439956814050674,0.005750560667365789,0.026623545214533806,0.03674313426017761,0.004119013901799917,0.0706840232014656,0.12358132004737854,0.007450019009411335,0.004337713588029146,0.03651595860719681,0.023627348244190216,0.04027833789587021,0.006729378830641508,0.062444061040878296,0.40685638785362244
chair1.png,0.06399611383676529,0.0064657568000257015,0.02246379852294922,0.009808478876948357,0.012563766911625862,0.025487758219242096,0.015162045136094093,0.005329139996320009,0.597700297832489,0.010139304213225842,0.014020152390003204,0.018500380218029022,0.025501908734440804,0.09221570193767548,0.0494406521320343,0.031204838305711746
chair10.png,0.0005862201214767992,7.09245796315372e-05,0.0013192625483497977,0.00031424264307133853,0.0005547244218178093,0.00025061442283913493,0.0010748542845249176,0.0004477901675272733,0.9909579753875732,0.0005328518454916775,0.00038376403972506523,0.0002215048298239708,0.0005796335753984749,0.00034059127210639417,0.0020408532582223415,0.0003242666134610772
chair2.png,0.013447573408484459,0.005207421723753214,0.008628199808299541,0.00547086400911212,0.008325686678290367,0.015243099071085453,0.008287603035569191,0.006042474880814552,0.771929144859314,0.008067874237895012,0.006013048347085714,0.022449366748332977,0.024347014725208282,0.035749610513448715,0.029607092961668968,0.03118387795984745
chair3.png,0.0034594230819493532,0.0010633292840793729,0.004656301345676184,0.002878341590985656,0.00492996908724308,0.0017934257630258799,0.011644823476672173,0.003662721486762166,0.9134315252304077,0.007423351984471083,0.003730199532583356,0.0017936326330527663,0.005820015911012888,0.00615700101479888,0.023616207763552666,0.0039397310465574265
chair4.png,0.0034300507977604866,0.0001567736326251179,0.007636210415512323,0.0004829739627894014,0.0009998113382607698,0.00034119273186661303,0.0005204724729992449,0.00035814419970847666,0.9792230129241943,0.0006957899313420057,0.0008530713967047632,0.0005534021183848381,0.0004983802791684866,0.0012953865807503462,0.0018917897250503302,0.0010635890066623688
chair5.png,0.16115176677703857,0.0014951288467273116,0.0814003199338913,0.011057445779442787,0.0011810963042080402,0.0009004469611681998,0.0050605121068656445,0.005353250540792942,0.705234944820404,0.005775281228125095,0.006823526695370674,0.0025397101417183876,0.001058009685948491,0.002398759126663208,0.002356713404878974,0.006213078740984201
chair6.png,0.0038078282959759235,0.0003991473640780896,0.004142215475440025,0.0008003944531083107,0.0015798910753801465,0.0010299099376425147,0.0014636226696893573,0.0005604056641459465,0.9692305326461792,0.0016394578851759434,0.001780343009158969,0.0006329317111521959,0.000497992557939142,0.00489793112501502,0.005856855772435665,0.0016805533086881042
chair7.png,0.023074673488736153,0.01610124669969082,0.008944733999669552,0.015526054427027702,0.008008405566215515,0.006789506413042545,0.056129295378923416,0.02721598744392395,0.38910889625549316,0.025307051837444305,0.03813765570521355,0.02550015039741993,0.017158078029751778,0.009572990238666534,0.2681436538696289,0.06528159230947495
chair8.png,0.002771686762571335,0.0005000377423129976,0.006863969378173351,0.004084039479494095,0.0022240711841732264,0.006884787697345018,0.004616377409547567,0.0018521584570407867,0.9371592402458191,0.0023881392553448677,0.004929734393954277,0.0011493926867842674,0.0022600272204726934,0.01084591168910265,0.008436661213636398,0.00303368060849607
chair9.png,0.01344351563602686,0.00026953432825393975,0.022935178130865097,0.006142470054328442,0.0007329100044444203,0.0004566220159176737,0.001211149850860238,0.00046841197763569653,0.9334475994110107,0.006878109183162451,0.005503581836819649,0.0005661834147758782,0.0009051939123310149,0.0013029715046286583,0.0032535947393625975,0.002482919953763485
clock1.png,0.018936356529593468,0.033424120396375656,0.008335237391293049,0.03280302509665489,0.13215148448944092,0.03645642101764679,0.12269048392772675,0.04259974882006645,0.017160732299089432,0.033483702689409256,0.020663965493440628,0.02604314498603344,0.27274686098098755,0.12009889632463455,0.061342865228652954,0.021062910556793213
clock10.png,0.01375915389508009,0.005665031727403402,0.019222700968384743,0.40115708112716675,0.0016859470633789897,0.003490877104923129,0.010795878246426582,0.011171815916895866,0.04344923794269562,0.4266805052757263,0.047923386096954346,0.0017576533136889338,0.0021359389647841454,0.0010215668007731438,0.00424222880974412,0.005841017700731754
clock2.png,0.0010525769321247935,0.004456209018826485,0.0005661847535520792,0.012309867888689041,0.0047755129635334015,0.001510413596406579,0.009093527682125568,0.002299079904332757,0.002437204122543335,0.9463711977005005,0.0014819895150139928,0.00374942971393466,0.004313384648412466,0.001345830038189888,0.0030564621556550264,0.0011810403084382415
clock3.png,0.00024732507881708443,0.004398041404783726,0.0006419747951440513,0.010651186108589172,0.006352982018142939,0.001657184911891818,0.009861776605248451,0.0038751920219510794,0.0028332211077213287,0.9282619953155518,0.005987533368170261,0.002959562698379159,0.006099966820329428,0.0006799912080168724,0.013576434925198555,0.0019156517228111625
clock4.png,0.005841196049004793,0.0444311760365963,0.003966214135289192,0.007663534954190254,0.11082572489976883,0.03495990112423897,0.12927895784378052,0.025416163727641106,0.04618224874138832,0.20425115525722504,0.01626771315932274,0.056187115609645844,0.11844710260629654,0.015323061496019363,0.1480732411146164,0.03288547694683075
clock5.png,0.0001848510146373883,0.0030848586466163397,0.0004626994486898184,0.009117978624999523,0.003563062520697713,0.0009025821345858276,0.005517229437828064,0.002283567562699318,0.0018512621754780412,0.9538183212280273,0.0035580419935286045,0.0018156892620027065,0.003365183249115944,0.0006659165374003351,0.008418300189077854,0.0013902717037126422
clock6.png,0.003232125658541918,0.012307913042604923,0.002455062698572874,0.04186400771141052,0.01047522947192192,0.0030223748181015253,0.028672758489847183,0.008011264726519585,0.007321024779230356,0.8320692181587219,0.007226319517940283,0.008254026062786579,0.01391587033867836,0.005135435611009598,0.010597125627100468,0.005440264008939266
clock7.png,0.0018102216999977827,0.040248773992061615,0.002663355553522706,0.0253178421407938,0.043729934841394424,0.030219241976737976,0.16207243502140045,0.01738917827606201,0.024567527696490288,0.19369645416736603,0.05182782933115959,0.04288008436560631,0.04394221678376198,0.007694786414504051,0.2724020183086395,0.039538122713565826
clock8.png,0.006608432158827782,0.010133021511137486,0.016302525997161865,0.1419861614704132,0.015211803838610649,0.03953874856233597,0.0328538753092289,0.026601750403642654,0.03953075408935547,0.4841952323913574,0.1243676245212555,0.006357073318213224,0.005089113023132086,0.0034741093404591084,0.030436936765909195,0.017312821000814438
clock9.png,0.0015090587548911572,0.006302396301180124,0.0011483001289889216,0.022287549450993538,0.004851705860346556,0.0016838137526065111,0.012092726305127144,0.003310793312266469,0.003580037970095873,0.9195728302001953,0.002720923162996769,0.004509040620177984,0.006458301562815905,0.002703266916796565,0.004993576090782881,0.0022757602855563164
dog1.png,0.0036720880307257175,0.28824806213378906,0.0016124923713505268,0.02163039706647396,0.008604257367551327,0.005865353159606457,0.06218477338552475,0.11003521084785461,0.00995409395545721,0.03730585798621178,0.20116297900676727,0.17025460302829742,0.008023680187761784,0.0016535227186977863,0.02214124985039234,0.04765130579471588
dog10.png,0.006409207824617624,0.012891700491309166,0.002591384807601571,0.14369811117649078,0.008425934240221977,0.06384357064962387,0.016601968556642532,0.024589069187641144,0.012382522225379944,0.0037239347584545612,0.6788894534111023,0.004695655312389135,0.001357335946522653,0.009871440008282661,0.0033758117351680994,0.006652856711298227
dog2.png,0.024534128606319427,0.10048743337392807,0.009656010195612907,0.041332513093948364,0.023974133655428886,0.023598119616508484,0.18292486667633057,0.046394430100917816,0.03493449091911316,0.04295048117637634,0.11482757329940796,0.05684799700975418,0.018003838136792183,0.05027059465646744,0.07959360629320145,0.14966976642608643
dog3.png,0.04232914745807648,0.23805351555347443,0.0024983035400509834,0.05328298732638359,0.0139841940253973,0.004761493299156427,0.03321220353245735,0.07406778633594513,0.010447973385453224,0.004010229371488094,0.33331403136253357,0.11735044419765472,0.004528893623501062,0.002273953752592206,0.013331226073205471,0.052553579211235046
dog4.png,0.001125030335970223,0.07243140786886215,0.0005032939952798188,0.074048712849617,0.005443120375275612,0.002613208256661892,0.011981718242168427,0.01036008633673191,0.0009567150264047086,0.0013945200480520725,0.7803248167037964,0.02423129603266716,0.0015986284706741571,0.0011933264322578907,0.005597901996225119,0.006196209229528904
dog5.png,0.002899080514907837,0.1643613874912262,0.0014247765066102147,0.021776016801595688,0.021776562556624413,0.009432711638510227,0.050665028393268585,0.07584113627672195,0.004626781214028597,0.014061640948057175,0.4606473743915558,0.07285772264003754,0.009161559864878654,0.001307790749706328,0.046719033271074295,0.04244135692715645
dog6.png,0.007077602203935385,0.18187010288238525,0.002609388204291463,0.06838016211986542,0.010244254022836685,0.008448505774140358,0.12731167674064636,0.166464701294899,0.007041210308670998,0.020344527438282967,0.23260439932346344,0.0844961404800415,0.016073498874902725,0.0040177637711167336,0.01745583862066269,0.045560263097286224
dog7.png,0.0036243803333491087,0.017799878492951393,0.0033841077238321304,0.046473875641822815,0.024711942300200462,0.021580858156085014,0.03121403232216835,0.011919423937797546,0.008228995837271214,0.004147041123360395,0.7613154053688049,0.02502916194498539,0.0044270846992731094,0.007092213723808527,0.016473356634378433,0.012578222900629044
dog8.png,0.013563820160925388,0.034406550228595734,0.007928973063826561,0.09794104099273682,0.0277200099080801,0.015837065875530243,0.04743009805679321,0.01960674673318863,0.04249829053878784,0.042698752135038376,0.15255418419837952,0.4458015263080597,0.012222136370837688,0.01467206422239542,0.007514629513025284,0.017604093998670578
dog9.png,0.018066780641674995,0.029244177043437958,0.004685752559453249,0.08712541311979294,0.01922566443681717,0.023054208606481552,0.031819529831409454,0.021519452333450317,0.012900415807962418,0.008289544843137264,0.6507512331008911,0.01683030091226101,0.008453826420009136,0.009732481092214584,0.025617316365242004,0.03268393501639366
elephant1.png,0.0018143672496080399,0.31379884481430054,0.0011946478625759482,0.009911109693348408,0.011610942892730236,0.007511347532272339,0.044266391545534134,0.034323934465646744,0.004724795930087566,0.01754070445895195,0.0697120651602745,0.41138699650764465,0.017275823280215263,0.0013814368285238743,0.03242398053407669,0.021122613921761513
elephant10.png,0.008052388206124306,0.06932030618190765,0.004000426270067692,0.020130960270762444,0.09580715000629425,0.06342274695634842,0.08163748681545258,0.07891374081373215,0.01646784506738186,0.038855183869600296,0.06181735917925835,0.04115220531821251,0.2330464869737625,0.01615114137530327,0.12520718574523926,0.046017471700906754
elephant2.png,0.010625019669532776,0.08718986064195633,0.004606704693287611,0.06850281357765198,0.02144188992679119,0.014761626720428467,0.05953457951545715,0.03395073115825653,0.06985168904066086,0.030333880335092545,0.22535428404808044,0.306133896112442,0.012847287580370903,0.00816964078694582,0.01798195019364357,0.028714163228869438
elephant3.png,0.008760054595768452,0.22081570327281952,0.0011262564221397042,0.03998850658535957,0.007157924585044384,0.00432678172364831,0.013102314434945583,0.06604409962892532,0.008232071995735168,0.004219316877424717,0.04174559563398361,0.5563924908638,0.0022374531254172325,0.0017908546142280102,0.008262727409601212,0.0157979317009449
elephant4.png,0.0013973955065011978,0.13236530125141144,0.0012350709876045585,0.004332485608756542,0.0031730777118355036,0.0036478284746408463,0.017600612714886665,0.024388277903199196,0.0020162989385426044,0.003474306780844927,0.035875145345926285,0.7478347420692444,0.002340688370168209,0.0012149256654083729,0.0032602562569081783,0.015843598172068596
elephant5.png,0.02059420570731163,0.09940259903669357,0.006650874856859446,0.037891823798418045,0.01342889852821827,0.00989786721765995,0.15730814635753632,0.03480679914355278,0.015188561752438545,0.017865801230072975,0.180474191904068,0.3039140999317169,0.007285136729478836,0.028737930580973625,0.012026617303490639,0.0545264333486557
elephant6.png,0.001867053098976612,0.2665391266345978,0.001209114445373416,0.005292754154652357,0.005463246256113052,0.003888325532898307,0.05153796821832657,0.05321136489510536,0.00484725134447217,0.024485765025019646,0.019870314747095108,0.5016027688980103,0.0067031122744083405,0.0014159329002723098,0.012415751814842224,0.039650119841098785
elephant7.png,0.0031175678595900536,0.22960464656352997,0.0013797745341435075,0.012575214728713036,0.004898600280284882,0.004028172232210636,0.057715896517038345,0.049093544483184814,0.004586454946547747,0.01140180230140686,0.09669085592031479,0.4867135286331177,0.005285895429551601,0.0018993408884853125,0.007926791906356812,0.023081911727786064
elephant8.png,0.012637324631214142,0.10891766846179962,0.00526069151237607,0.016734320670366287,0.03627602756023407,0.021443048492074013,0.039193395525217056,0.07379579544067383,0.009727961383759975,0.015015847980976105,0.05819685384631157,0.3513543903827667,0.056097112596035004,0.005826679989695549,0.058835580945014954,0.13068734109401703
elephant9.png,0.0016215017531067133,0.09850309789180756,0.002767242956906557,0.010248685255646706,0.01545104943215847,0.018256688490509987,0.03101084567606449,0.04927876219153404,0.007642172276973724,0.01723422296345234,0.07928714156150818,0.5920153856277466,0.010557413101196289,0.0020736653823405504,0.039953090250492096,0.024098990485072136
keyboard1.png,0.08653897792100906,0.052225157618522644,0.00977267324924469,0.03728063032031059,0.03698848932981491,0.01930391974747181,0.07930061221122742,0.06621190160512924,0.05510438233613968,0.017901809886097908,0.030863981693983078,0.027757564559578896,0.25359290838241577,0.04107126593589783,0.07997016608715057,0.10611556470394135
keyboard10.png,0.012833167798817158,0.023661181330680847,0.004046349320560694,0.017279403284192085,0.2068893164396286,0.03007485717535019,0.09002020210027695,0.03095318377017975,0.011447235010564327,0.025992222130298615,0.009188390336930752,0.01364150270819664,0.2912575900554657,0.1457282453775406,0.0770825669169426,0.009904622100293636
keyboard2.png,0.012996017932891846,0.018349118530750275,0.004888609517365694,0.012161144986748695,0.12791766226291656,0.023171231150627136,0.05186160281300545,0.027885418385267258,0.016784455627202988,0.01974608190357685,0.009017919190227985,0.010662787593901157,0.4305461645126343,0.1145162358880043,0.10611949115991592,0.013376041315495968
keyboard3.png,0.014819265343248844,0.023085298016667366,0.008106120862066746,0.02018536441028118,0.1036473959684372,0.044590387493371964,0.058788347989320755,0.04456392675638199,0.02218899317085743,0.032113172113895416,0.016626469790935516,0.0160527341067791,0.4722369313240051,0.0494714081287384,0.05402148514986038,0.01950271986424923
keyboard4.png,0.02588755451142788,0.020269477739930153,0.00467290822416544,0.010639425367116928,0.1411968171596527,0.030978981405496597,0.03773031756281853,0.01532276626676321,0.008091116324067116,0.049827009439468384,0.005745088215917349,0.018719861283898354,0.27886369824409485,0.10982374101877213,0.1602051556110382,0.08202607184648514
keyboard5.png,0.0205072034150362,0.01563885621726513,0.003518415614962578,0.007516644429415464,0.06326354295015335,0.021824374794960022,0.06318221986293793,0.017999153584241867,0.024815933778882027,0.03129718825221062,0.0066437190398573875,0.01969427429139614,0.31466200947761536,0.09899210184812546,0.2307199090719223,0.05972442403435707
keyboard6.png,0.042363815009593964,0.021003128960728645,0.006751937326043844,0.01533474214375019,0.03238150104880333,0.017039554193615913,0.07779526710510254,0.021584022790193558,0.014768853783607483,0.023825380951166153,0.008786839433014393,0.02002939209342003,0.2703523337841034,0.17208100855350494,0.13723956048488617,0.11866263300180435
keyboard7.png,0.02440001629292965,0.026537248864769936,0.0072698104195296764,0.017193371430039406,0.17890773713588715,0.03002767078578472,0.07043427973985672,0.04421968013048172,0.025213638320565224,0.038190510123968124,0.00818072073161602,0.015579642727971077,0.25899577140808105,0.12111756205558777,0.12144342064857483,0.012288865633308887
keyboard8.png,0.02223791740834713,0.03894079476594925,0.005305532366037369,0.023165790364146233,0.09784708172082901,0.018803073093295097,0.21165616810321808,0.03603329509496689,0.008781231939792633,0.030751673504710197,0.020962310954928398,0.04963291436433792,0.20032528042793274,0.05488625913858414,0.08956721425056458,0.09110341221094131
keyboard9.png,0.0274423249065876,0.0421481728553772,0.007637956645339727,0.02183695137500763,0.052329082041978836,0.028601594269275665,0.11504405736923218,0.03785867244005203,0.009747607633471489,0.031137462705373764,0.015726644545793533,0.04593835398554802,0.2567255198955536,0.049074918031692505,0.10037516802549362,0.15837545692920685
knife1.png,0.028414184227585793,0.0022826101630926132,0.0014137047110125422,0.013503282330930233,0.05405344069004059,0.004123772028833628,0.0046461052261292934,0.0023786069359630346,0.0028139001224189997,0.00447492953389883,0.001294469926506281,0.0011378355557098985,0.017179429531097412,0.8590968251228333,0.0017990052001550794,0.001387873780913651
knife10.png,0.025711245834827423,0.001478457823395729,0.0016433240380138159,0.005680831149220467,0.06404510885477066,0.006408222485333681,0.015189736150205135,0.0014967117458581924,0.010075733065605164,0.007128250319510698,0.0013187994481995702,0.0022086522076278925,0.02411550283432007,0.8129209280014038,0.013837384060025215,0.0067411670461297035
knife2.png,0.18317927420139313,0.005000528879463673,0.0031434944830834866,0.03206382691860199,0.00878067221492529,0.002233736915513873,0.002874519908800721,0.003508653026074171,0.002032934222370386,0.001002180972136557,0.0027956953272223473,0.001565229962579906,0.0060030329041182995,0.7012673616409302,0.0024355726782232523,0.04211321473121643
knife3.png,0.04745839908719063,5.331914871931076e-05,0.0013831775868311524,0.0023881839588284492,0.0019530166173353791,0.0014835114125162363,0.00013234135985840112,0.00014229456428438425,0.001405313378199935,0.0013976749032735825,0.00017245905473828316,7.525669207097962e-05,0.0006391092902049422,0.9404899477958679,0.0004714595852419734,0.0003545517974998802
knife4.png,0.6338363885879517,0.0008920059190131724,0.0027523657772690058,0.01402267999947071,0.0022452331613749266,0.001424199901521206,0.001815491821616888,0.0013874928699806333,0.007336925715208054,0.0008340978529304266,0.0016395824495702982,0.0011552213691174984,0.006762645673006773,0.3105551302433014,0.004047967027872801,0.00929256621748209
knife5.png,0.023246830329298973,0.03090747818350792,0.00947420485317707,0.06013862416148186,0.10421829670667648,0.025168146938085556,0.093330979347229,0.0287080816924572,0.021055826917290688,0.012621214613318443,0.022775959223508835,0.023714954033493996,0.2391686588525772,0.24711595475673676,0.03680895268917084,0.021545831114053726
knife6.png,0.01959826610982418,0.015110413543879986,0.00949675403535366,0.0671863853931427,0.08792255818843842,0.02522372454404831,0.06747501343488693,0.015736233443021774,0.01618236117064953,0.0132158687338233,0.01344994641840458,0.012620327062904835,0.1653670221567154,0.4408917725086212,0.01988609880208969,0.010637251660227776
knife7.png,0.009858069010078907,0.019696107134222984,0.005041051190346479,0.012414229102432728,0.1446382999420166,0.059789564460515976,0.1111864224076271,0.049216218292713165,0.027917228639125824,0.031740665435791016,0.023769017308950424,0.01886536180973053,0.25403061509132385,0.08311738818883896,0.13188135623931885,0.016838448122143745
knife8.png,0.019129207357764244,0.0035634671803563833,0.0019065244123339653,0.01093060802668333,0.040770988911390305,0.008073506876826286,0.02344064600765705,0.0025743248406797647,0.005283098667860031,0.009129281155765057,0.0029656547121703625,0.004523914773017168,0.036170147359371185,0.8078991174697876,0.012389758601784706,0.011249772273004055
knife9.png,0.05276435613632202,0.007989194244146347,0.004810573533177376,0.034332241863012314,0.04837459325790405,0.011423989199101925,0.0771145299077034,0.00388153619132936,0.004433175083249807,0.007456886116415262,0.00885505136102438,0.012782623991370201,0.015136674046516418,0.6722478866577148,0.010113679803907871,0.02828300930559635
oven1.png,0.025737205520272255,0.026306871324777603,0.008961712941527367,0.017602652311325073,0.08354523032903671,0.0430082231760025,0.08672890067100525,0.046122729778289795,0.022506115958094597,0.024897251278162003,0.01897389627993107,0.014657746069133282,0.39086613059043884,0.050343915820121765,0.11571939289569855,0.024021975696086884
oven10.png,0.024636929854750633,0.022432293742895126,0.006385991349816322,0.00973186083137989,0.042257219552993774,0.03290865942835808,0.061872612684965134,0.021307071670889854,0.01199257094413042,0.02198787033557892,0.009595131501555443,0.02218765951693058,0.2603321969509125,0.10411142557859421,0.2365248203277588,0.11173566430807114
oven2.png,0.010703138075768948,0.025579432025551796,0.006625056266784668,0.01896534115076065,0.07180672883987427,0.05691906809806824,0.07218726724386215,0.05263815075159073,0.03132776543498039,0.034668996930122375,0.02664848417043686,0.019003672525286674,0.43878263235092163,0.029797151684761047,0.08610005676746368,0.01824701949954033
oven3.png,0.014764607883989811,0.014012051746249199,0.00876947958022356,0.0048541962169110775,0.026197850704193115,0.014229407534003258,0.04829028248786926,0.02821481227874756,0.06799054890871048,0.018873486667871475,0.013226727955043316,0.011606135405600071,0.3603251278400421,0.03886127844452858,0.2739918529987335,0.05579221248626709
oven4.png,0.023720290511846542,0.030708635225892067,0.010192833840847015,0.01780860312283039,0.0217888206243515,0.04948582872748375,0.12599897384643555,0.032504383474588394,0.06451555341482162,0.026853475719690323,0.039561670273542404,0.022477343678474426,0.039004940539598465,0.08312185108661652,0.18865492939949036,0.2236018180847168
oven5.png,0.016384031623601913,0.12221211194992065,0.004689913708716631,0.030432410538196564,0.010796247981488705,0.05197523161768913,0.049770720303058624,0.13973194360733032,0.08706087619066238,0.03167510777711868,0.17097698152065277,0.036558981984853745,0.021155547350645065,0.01210269145667553,0.09368681907653809,0.12079038470983505
oven6.png,0.005674656946212053,0.07734405994415283,0.0031454686541110277,0.008051797747612,0.03382347151637077,0.017565418034791946,0.1432235687971115,0.05137576907873154,0.06383001059293747,0.11055485904216766,0.023925000801682472,0.05643359571695328,0.09542366117238998,0.011289830319583416,0.21551334857940674,0.0828254297375679
oven7.png,0.010038875974714756,0.01964879408478737,0.006230337545275688,0.0050141774117946625,0.020859835669398308,0.024679262191057205,0.050498608499765396,0.05487316846847534,0.08568910509347916,0.04642431065440178,0.0287562757730484,0.017380399629473686,0.2104901820421219,0.015093013644218445,0.3634001314640045,0.04092350974678993
oven8.png,0.01441587321460247,0.015436384826898575,0.0069177947007119656,0.01351236179471016,0.053793806582689285,0.020276421681046486,0.08117519319057465,0.02608995884656906,0.03242305666208267,0.019838033244013786,0.014917723834514618,0.014631248079240322,0.39486104249954224,0.10384220629930496,0.16448631882667542,0.023382652550935745
oven9.png,0.013255988247692585,0.09748698770999908,0.003999411128461361,0.028379715979099274,0.023820124566555023,0.012627438642084599,0.297752320766449,0.052279744297266006,0.014764673076570034,0.06478048861026764,0.03283293545246124,0.1436951458454132,0.029443416744470596,0.00872630625963211,0.058370620012283325,0.11778464913368225
truck1.png,0.020380480214953423,0.035296060144901276,0.01231376826763153,0.01951097697019577,0.06483040004968643,0.05067587271332741,0.1321176141500473,0.06146591529250145,0.029349423944950104,0.03137248754501343,0.031919367611408234,0.022108744829893112,0.24751371145248413,0.03807814419269562,0.17071309685707092,0.032353855669498444
truck10.png,0.008424682542681694,0.2619019150733948,0.0028172668535262346,0.03087560087442398,0.008497395552694798,0.007478457409888506,0.2175188958644867,0.08196675777435303,0.056776996701955795,0.06871305406093597,0.04369740933179855,0.06599576771259308,0.006097391713410616,0.00364481657743454,0.021811746060848236,0.11378186196088791
truck2.png,0.07220735400915146,0.0562567301094532,0.013486841693520546,0.026084594428539276,0.01281171478331089,0.004183340817689896,0.12752485275268555,0.10388973355293274,0.016448548063635826,0.008774200454354286,0.03059704601764679,0.04018310457468033,0.03878800570964813,0.02339930087327957,0.06708526611328125,0.35827937722206116
truck3.png,0.058697186410427094,0.08886459469795227,0.0054338122718036175,0.02363957092165947,0.04271409288048744,0.009017962962388992,0.13595622777938843,0.04224415495991707,0.020392850041389465,0.010777526535093784,0.024496760219335556,0.03986716270446777,0.10557036101818085,0.04237447679042816,0.13762784004211426,0.21232552826404572
truck4.png,0.16654013097286224,0.037427812814712524,0.01556612178683281,0.03370627015829086,0.018391843885183334,0.011721653863787651,0.0863724946975708,0.1013079285621643,0.0333872027695179,0.010097539983689785,0.036256007850170135,0.029069503769278526,0.010671349242329597,0.0861242488026619,0.056852325797080994,0.2665075659751892
truck5.png,0.05375739932060242,0.06676643341779709,0.007312083151191473,0.02425285242497921,0.03418268635869026,0.006859740242362022,0.07447915524244308,0.07179301977157593,0.017205407842993736,0.008388294838368893,0.012861297465860844,0.03134468197822571,0.13314460217952728,0.02321755699813366,0.09058964252471924,0.34384506940841675
truck6.png,0.431527704000473,0.02052161656320095,0.008168810047209263,0.041997238993644714,0.01519062090665102,0.003429461270570755,0.05047644302248955,0.05425810441374779,0.02036629617214203,0.00526013458147645,0.019370337948203087,0.0177984107285738,0.036817532032728195,0.0835057720541954,0.04841558262705803,0.1428959220647812
truck7.png,0.009380511939525604,0.08975062519311905,0.0054389601573348045,0.021694112569093704,0.04866180941462517,0.015486829914152622,0.22537395358085632,0.05524725839495659,0.020569799467921257,0.020032791420817375,0.031049128621816635,0.05907431244850159,0.12452804297208786,0.018321270123124123,0.16939689218997955,0.0859936997294426
truck8.png,0.0620470829308033,0.039924729615449905,0.008850343525409698,0.04644645377993584,0.019751543179154396,0.013676184229552746,0.20816996693611145,0.09615650027990341,0.015266533009707928,0.020623499527573586,0.028072208166122437,0.033421892672777176,0.0774221271276474,0.031690292060375214,0.050853945314884186,0.24762672185897827
truck9.png,0.012495775707066059,0.039773955941200256,0.0074868397787213326,0.011819624342024326,0.07868478447198868,0.029694972559809685,0.12058797478675842,0.06886914372444153,0.02820509858429432,0.02983536384999752,0.037083547562360764,0.02612362615764141,0.27817338705062866,0.02408619597554207,0.1808691769838333,0.026210539042949677
